#RPLIDAR SCAN DATA
#COUNT=453
#Angule	Distance	Quality
359.7968 4787.0 188
0.5109 4745.0 188
1.2140 4716.0 188
1.9171 4740.0 188
4.0430 19.0 188
7.5751 4206.0 188
8.2782 4172.0 188
8.9978 4139.0 188
9.7009 4107.0 188
10.4041 4080.0 188
11.1072 4052.0 188
11.8268 4029.0 188
12.5134 4008.0 188
13.2166 3991.0 188
13.9197 3985.0 188
14.6228 4013.0 188
15.3259 4092.0 188
16.0291 4134.0 188
16.7157 4117.0 188
17.4188 4099.0 188
18.1219 4080.0 188
18.8251 4061.0 188
19.5282 4044.0 188
20.2313 4024.0 188
20.9344 4008.0 188
21.6211 3994.0 188
22.3242 4031.0 188
23.0273 4073.0 188
23.7305 4064.0 188
24.4336 4050.0 188
25.1367 4036.0 188
25.8234 4026.0 188
26.5265 4017.0 188
27.2296 4007.0 188
27.9327 3998.0 188
28.6359 3991.0 188
29.3390 3984.0 188
30.0421 3977.0 188
30.7343 3970.0 188
31.4374 3965.0 188
32.1405 3961.0 188
32.8436 3956.0 188
33.5468 3953.0 188
34.2499 3949.0 188
34.9530 3946.0 188
35.6396 3944.0 188
36.3428 3943.0 188
37.0459 3943.0 188
37.7490 3943.0 188
38.4521 3943.0 188
39.1553 3945.0 188
39.8584 3946.0 188
40.5615 3950.0 188
41.2811 3953.0 188
41.9843 3956.0 188
42.6984 3961.0 188
43.4015 3966.0 188
44.1211 3971.0 188
44.8242 3977.0 188
45.5438 3975.0 188
46.9666 3808.0 188
47.6697 3805.0 188
48.3893 3809.0 188
49.0924 3816.0 188
49.8120 3821.0 188
50.5151 3832.0 188
51.2292 3845.0 188
51.9324 3856.0 188
52.6520 3873.0 188
53.3551 3892.0 188
54.0747 3917.0 188
55.4974 4143.0 188
56.2006 4167.0 188
56.9202 4186.0 188
57.6233 4207.0 188
58.3429 4225.0 188
59.0460 4244.0 188
59.7656 4267.0 188
60.4688 4290.0 188
61.1829 4313.0 188
61.8860 4334.0 188
62.6056 4359.0 188
63.3087 4386.0 188
64.0283 4411.0 188
64.7314 4439.0 188
65.4510 4470.0 188
66.1542 4500.0 188
66.8738 4532.0 188
67.5769 4564.0 188
68.2965 4597.0 188
68.9832 4631.0 188
69.6863 4667.0 188
70.3894 4704.0 188
71.0925 4740.0 188
71.7957 4781.0 188
72.4988 4824.0 188
73.2019 4865.0 188
73.9050 4906.0 188
74.5917 4954.0 188
75.2948 5005.0 188
75.9979 5053.0 188
76.7010 5100.0 188
77.4042 5153.0 188
78.1073 5206.0 188
78.8104 5262.0 188
79.5135 5321.0 188
80.2002 5378.0 188
80.9033 5438.0 188
81.6064 5506.0 188
82.3096 5574.0 188
83.0127 5643.0 188
83.7158 5717.0 188
84.4189 5793.0 188
85.1221 5869.0 188
85.8087 5943.0 188
87.2150 10918.0 188
87.9181 10929.0 188
88.6212 10938.0 188
89.3243 10957.0 188
90.0275 10978.0 188
90.7306 10997.0 188
92.1204 9827.0 188
92.8235 9772.0 188
94.2297 11107.0 188
94.9329 11135.0 188
95.6360 11171.0 188
97.7344 11302.0 188
102.6398 8927.0 188
103.3429 8705.0 188
104.7491 6433.0 188
106.1554 6033.0 188
106.8585 5895.0 188
108.9514 5694.0 188
110.3577 6700.0 188
111.0608 6735.0 188
113.1702 4884.0 188
113.8568 4797.0 188
115.2631 3671.0 188
115.9662 3694.0 188
116.6693 3678.0 188
117.3724 3606.0 188
118.0756 3520.0 188
118.7787 3457.0 188
119.4653 3409.0 188
120.1685 3353.0 188
120.8716 3297.0 188
121.5747 3243.0 188
122.2778 3194.0 188
122.9810 3151.0 188
123.6841 3104.0 188
124.3872 3059.0 188
125.0903 3017.0 188
125.7935 2978.0 188
126.4966 2936.0 188
127.2162 2897.0 188
127.9193 2866.0 188
128.6224 2831.0 188
129.3256 2798.0 188
130.0452 2762.0 188
130.7483 2728.0 188
132.1710 2565.0 188
132.8741 2602.0 188
133.5773 2640.0 188
134.2804 2673.0 188
135.0000 2711.0 188
135.7031 2757.0 188
136.4062 2803.0 188
137.1094 2852.0 188
137.8235 2920.0 188
138.5266 2950.0 188
139.2297 2928.0 188
139.9493 2904.0 188
140.6525 2879.0 188
141.3556 2860.0 188
142.0587 2840.0 188
142.7783 2818.0 188
143.4814 2797.0 188
144.1846 2779.0 188
144.8877 2762.0 188
145.6073 2745.0 188
146.3104 2728.0 188
147.0135 2713.0 188
147.7332 2697.0 188
148.4363 2682.0 188
149.1394 2668.0 188
149.8425 2653.0 188
150.5621 2638.0 188
151.2653 2626.0 188
151.9684 2615.0 188
152.6825 2604.0 188
153.3746 2593.0 188
154.0778 2582.0 188
154.7809 2571.0 188
155.4840 2561.0 188
156.1871 2552.0 188
156.8903 2544.0 188
157.5934 2535.0 188
158.2965 2527.0 188
158.9832 2517.0 188
159.6863 2510.0 188
160.3894 2503.0 188
161.0925 2493.0 188
161.7957 2483.0 188
162.4988 2497.0 188
163.2019 2542.0 188
163.9050 2567.0 188
164.5917 2565.0 188
165.2948 2543.0 188
165.9979 2523.0 188
166.7010 2523.0 188
167.4042 2521.0 188
168.1073 2519.0 188
168.8104 2519.0 188
169.5135 2518.0 188
170.2002 2518.0 188
170.9033 2519.0 188
171.6064 2519.0 188
172.3096 2520.0 188
173.0127 2522.0 188
173.7158 2523.0 188
174.4189 2526.0 188
175.1221 2530.0 188
175.8087 2533.0 188
176.5118 2536.0 188
177.2150 2561.0 188
177.9181 2586.0 188
178.6212 2591.0 188
179.3243 2586.0 188
180.0275 2571.0 188
180.7306 2564.0 188
181.4337 2572.0 188
182.1368 2566.0 188
182.8564 2556.0 188
183.5596 2564.0 188
184.2792 2571.0 188
184.9823 2579.0 188
185.6854 2585.0 188
186.4050 2592.0 188
187.1082 2602.0 188
187.8278 2610.0 188
188.5309 2615.0 188
189.2450 2624.0 188
189.9481 2635.0 188
190.6512 2644.0 188
191.3708 2655.0 188
192.0740 2667.0 188
192.7936 2678.0 188
193.4967 2694.0 188
194.2163 2730.0 188
194.9194 2757.0 188
195.6226 2744.0 188
196.3422 2710.0 188
197.0453 2697.0 188
197.7649 2713.0 188
199.1821 870.0 188
199.8853 861.0 188
200.5884 852.0 188
201.3080 851.0 188
202.0111 858.0 188
203.4338 2856.0 188
204.1534 2872.0 188
204.8566 2892.0 188
205.5597 2909.0 188
206.2793 2931.0 188
206.9824 2957.0 188
207.7020 2972.0 188
208.4052 3008.0 188
209.1248 3055.0 188
209.8114 3075.0 188
210.5145 3050.0 188
211.2177 2997.0 188
211.9208 2950.0 188
212.6239 2933.0 188
213.3270 2954.0 188
214.0302 2985.0 188
214.7333 3017.0 188
215.4199 3052.0 188
216.1230 3086.0 188
216.8262 3119.0 188
217.5293 3156.0 188
218.2324 3197.0 188
218.9355 3237.0 188
219.6387 3279.0 188
220.3418 3325.0 188
221.0284 3370.0 188
221.7316 3416.0 188
222.4347 3461.0 188
223.1378 3471.0 188
223.8409 3439.0 188
224.5441 3400.0 188
225.2472 3364.0 188
225.9503 3332.0 188
226.6370 3302.0 188
227.3401 3272.0 188
228.0432 3244.0 188
228.7463 3219.0 188
229.4495 3192.0 188
230.1526 3166.0 188
230.8557 3143.0 188
231.5588 3120.0 188
232.2455 3096.0 188
232.9486 3076.0 188
233.6517 3054.0 188
234.3549 3031.0 188
235.0580 3012.0 188
235.7611 2994.0 188
236.4642 2977.0 188
237.1674 2958.0 188
237.8540 2941.0 188
238.5571 2925.0 188
239.2603 2907.0 188
239.9634 2891.0 188
240.6665 2876.0 188
241.3696 2864.0 188
242.0728 2850.0 188
242.7759 2837.0 188
243.4790 2824.0 188
244.1821 2812.0 188
244.8853 2804.0 188
245.5884 2794.0 188
246.2915 2782.0 188
246.9946 2771.0 188
247.6978 2762.0 188
248.4009 2753.0 188
249.1040 2745.0 188
249.8071 2736.0 188
250.5103 2728.0 188
251.2024 2722.0 188
251.9055 2717.0 188
252.6086 2709.0 188
253.3118 2701.0 188
254.0149 2696.0 188
254.7180 2693.0 188
255.4211 2688.0 188
256.1243 2683.0 188
256.8274 2679.0 188
257.5305 2675.0 188
258.2336 2672.0 188
258.9368 2670.0 188
259.6399 2667.0 188
260.3430 2665.0 188
261.0461 2663.0 188
261.7493 2663.0 188
262.4524 2661.0 188
263.1555 2660.0 188
263.8586 2660.0 188
264.5618 2662.0 188
265.2649 2664.0 188
265.9515 2665.0 188
266.6547 2667.0 188
267.3578 2670.0 188
268.0609 2672.0 188
268.7640 2676.0 188
269.4672 2681.0 188
270.1703 2685.0 188
270.8734 2691.0 188
271.5765 2699.0 188
272.2797 2703.0 188
272.9828 2709.0 188
273.6859 2715.0 188
274.3890 2722.0 188
275.0922 2730.0 188
275.7953 2739.0 188
276.4984 2748.0 188
277.2015 2756.0 188
277.9047 2765.0 188
278.6078 2776.0 188
279.2944 2788.0 188
279.9976 2798.0 188
280.7007 2811.0 188
281.4038 2823.0 188
282.1069 2834.0 188
282.8101 2846.0 188
283.5132 2859.0 188
284.2163 2871.0 188
284.9194 2883.0 188
285.6226 2898.0 188
286.3257 2913.0 188
287.0288 2928.0 188
287.7319 2944.0 188
288.4351 2961.0 188
289.1382 2980.0 188
289.8413 3000.0 188
290.5444 3021.0 188
291.2476 3041.0 188
291.9507 3062.0 188
292.6538 3083.0 188
293.3569 3101.0 188
294.0601 3124.0 188
294.7632 3152.0 188
295.4663 3176.0 188
296.1694 3202.0 188
296.8726 3230.0 188
297.5757 3256.0 188
298.2788 3283.0 188
298.9819 3315.0 188
299.6851 3346.0 188
300.3882 3374.0 188
301.0913 3410.0 188
301.7944 3446.0 188
302.4976 3480.0 188
303.2007 3516.0 188
303.9038 3554.0 188
304.6069 3593.0 188
305.3101 3633.0 188
306.0132 3672.0 188
308.1226 3813.0 188
308.8257 3777.0 188
309.5288 3714.0 188
310.2319 3738.0 188
311.6382 33.0 188
313.7476 3974.0 188
314.4507 4041.0 188
315.1538 4141.0 188
315.8569 4204.0 188
316.5601 4229.0 188
317.2632 4285.0 188
317.9663 4358.0 188
318.6694 4442.0 188
319.3726 4540.0 188
320.7788 5075.0 188
321.4819 5169.0 188
322.1851 5274.0 188
322.8882 5387.0 188
323.5913 5512.0 188
324.9976 4578.0 188
325.7007 4512.0 188
326.4038 4508.0 188
327.8101 5774.0 188
328.5132 5746.0 188
329.2163 5712.0 188
329.9194 5684.0 188
330.6226 5657.0 188
331.3422 5629.0 188
332.0453 5603.0 188
332.7484 5580.0 188
333.4515 5558.0 188
334.1547 5567.0 188
346.8274 5277.0 188
347.5305 5273.0 188
348.2336 5270.0 188
348.9368 5266.0 188
349.6509 5261.0 188
350.3540 5258.0 188
351.0571 5255.0 188
351.7603 5254.0 188
353.1830 4815.0 188
353.8861 4754.0 188
354.5892 4686.0 188
355.3088 4626.0 188
356.0120 4608.0 188
356.7151 4600.0 188
358.8409 4723.0 188
