#RPLIDAR SCAN DATA
#COUNT=450
#Angule	Distance	Quality
359.6539 4868.0 188
0.3735 4923.0 188
1.0767 4982.0 188
1.7798 5043.0 188
2.4994 5106.0 188
3.2025 5172.0 188
3.9166 5239.0 188
4.6198 5309.0 188
5.3394 5380.0 188
6.0425 5456.0 188
6.7621 5536.0 188
7.4652 5617.0 188
8.1848 5690.0 188
9.5911 10698.0 188
10.3107 10717.0 188
11.0138 10735.0 188
11.7334 10757.0 188
12.4365 10780.0 188
13.1561 10798.0 188
13.8593 10824.0 188
14.5734 10855.0 188
15.2765 10888.0 188
15.9961 10920.0 188
16.6827 10949.0 188
18.0890 11518.0 188
21.6046 9365.0 188
22.3077 9393.0 188
24.4061 8796.0 188
25.1093 8593.0 188
25.8124 8393.0 188
27.2186 6360.0 188
28.6249 5991.0 188
29.3280 5865.0 188
30.0146 5745.0 188
37.0294 4778.0 188
37.7325 4701.0 188
38.4357 4623.0 188
39.1388 4552.0 188
40.5450 3589.0 188
41.2482 3614.0 188
41.9513 3600.0 188
42.6544 3537.0 188
43.3575 3482.0 188
44.0607 3436.0 188
44.7638 3386.0 188
45.4834 3338.0 188
46.2030 3295.0 188
46.9061 3255.0 188
47.6202 3211.0 188
48.3398 3174.0 188
49.0430 3137.0 188
49.7626 3099.0 188
50.4822 3065.0 188
51.1853 3029.0 188
51.9049 2997.0 188
52.6245 2967.0 188
53.3386 2934.0 188
54.0417 2906.0 188
54.7614 2878.0 188
55.4810 2853.0 188
56.1841 2826.0 188
56.9037 2798.0 188
57.6233 2776.0 188
58.3264 2753.0 188
59.7656 2610.0 188
60.4797 2634.0 188
61.1829 2685.0 188
61.9025 2737.0 188
62.6221 2790.0 188
63.3252 2852.0 188
64.0448 2931.0 188
64.7644 2998.0 188
65.4675 3016.0 188
66.1871 2998.0 188
66.9012 2976.0 188
67.6208 2957.0 188
68.3240 2940.0 188
69.0436 2924.0 188
69.7632 2909.0 188
70.4663 2896.0 188
71.1859 2881.0 188
71.9055 2867.0 188
72.6196 2855.0 188
73.3228 2842.0 188
74.0259 2829.0 188
74.7290 2819.0 188
75.4321 2809.0 188
76.1353 2797.0 188
76.8549 2789.0 188
77.5580 2781.0 188
78.2611 2772.0 188
78.9642 2763.0 188
79.6674 2754.0 188
80.3705 2746.0 188
81.0901 2739.0 188
81.7932 2732.0 188
82.4963 2723.0 188
83.1995 2716.0 188
83.9026 2710.0 188
84.6057 2706.0 188
85.3253 2702.0 188
86.0284 2698.0 188
86.7316 2693.0 188
87.4347 2687.0 188
88.1378 2683.0 188
88.8574 2716.0 188
89.5605 2763.0 188
90.2637 2776.0 188
90.9668 2762.0 188
91.6699 2746.0 188
92.3730 2746.0 188
93.0927 2749.0 188
93.7958 2752.0 188
94.4989 2755.0 188
95.2020 2758.0 188
95.9052 2762.0 188
96.6083 2767.0 188
97.3279 2773.0 188
98.0310 2778.0 188
98.7341 2782.0 188
99.4373 2787.0 188
100.1404 2793.0 188
100.8545 2799.0 188
101.5466 2807.0 188
102.2498 2837.0 188
102.9529 2870.0 188
103.6560 2875.0 188
104.3591 2858.0 188
105.0458 2850.0 188
105.7489 2857.0 188
106.4520 2847.0 188
107.1552 2840.0 188
107.8583 2850.0 188
108.5614 2862.0 188
109.2480 2871.0 188
109.9512 2881.0 188
110.6543 2892.0 188
111.3574 2908.0 188
112.0605 2921.0 188
112.7637 2934.0 188
113.4503 2945.0 188
114.1534 2958.0 188
114.8566 2976.0 188
115.5597 2990.0 188
116.2628 3025.0 188
116.9495 3068.0 188
117.6526 3079.0 188
118.3557 3061.0 188
119.0588 3037.0 188
119.7620 3043.0 188
120.4651 3069.0 188
121.1517 3089.0 188
121.8549 3116.0 188
123.2611 4071.0 188
124.6674 3194.0 188
126.7603 3291.0 188
127.4634 3333.0 188
128.1665 3337.0 188
128.8696 3351.0 188
129.5728 3399.0 188
130.2924 3414.0 188
130.9955 3381.0 188
131.7151 3324.0 188
132.4182 3289.0 188
133.1378 3298.0 188
133.8409 3334.0 188
134.5605 3371.0 188
135.2637 3408.0 188
135.9833 3447.0 188
136.6864 3489.0 188
137.4060 3530.0 188
138.1091 3571.0 188
138.8232 3619.0 188
139.5264 3670.0 188
140.2460 3726.0 188
140.9491 3779.0 188
141.6687 3820.0 188
142.3718 3820.0 188
143.0914 3780.0 188
143.8110 3737.0 188
144.5142 3699.0 188
145.2338 3664.0 188
145.9369 3628.0 188
146.6510 3594.0 188
147.3541 3566.0 188
148.0737 3539.0 188
148.7769 3509.0 188
149.4965 3482.0 188
150.1996 3455.0 188
151.6223 1427.0 188
152.3419 1409.0 188
153.0450 1400.0 188
153.7646 1395.0 188
154.4678 1397.0 188
155.1874 1403.0 188
155.8905 1413.0 188
156.6046 1433.0 188
157.3242 1464.0 188
158.0273 1480.0 188
158.7305 1480.0 188
159.4336 1486.0 188
160.1367 1497.0 188
160.8398 1489.0 188
161.5430 1476.0 188
162.2461 1475.0 188
162.9492 1477.0 188
163.6523 1485.0 188
164.3555 1510.0 188
165.0586 1542.0 188
166.4648 3042.0 188
167.1680 3033.0 188
167.8711 3023.0 188
168.5742 3013.0 188
169.2773 3005.0 188
169.9805 2997.0 188
170.6836 2988.0 188
171.3867 2980.0 188
172.0898 2974.0 188
172.7930 2967.0 188
173.4961 2960.0 188
174.1992 2954.0 188
174.9023 2949.0 188
175.6055 2945.0 188
176.3086 2940.0 188
177.0117 2935.0 188
177.7148 2932.0 188
178.4180 2930.0 188
179.1211 2929.0 188
179.8242 2927.0 188
180.5273 2925.0 188
181.2305 2924.0 188
181.9336 2925.0 188
182.6367 2925.0 188
183.3398 2925.0 188
184.0430 2927.0 188
184.7461 2929.0 188
185.4657 2931.0 188
186.1688 2934.0 188
186.8884 2937.0 188
187.6080 2940.0 188
188.3112 2945.0 188
189.0308 2949.0 188
189.7449 2953.0 188
190.4480 2957.0 188
191.1676 2964.0 188
191.8872 2971.0 188
192.5903 2978.0 188
193.3099 2986.0 188
194.0295 2993.0 188
194.7327 3001.0 188
195.4523 3010.0 188
196.1719 3017.0 188
196.8750 3025.0 188
197.5891 3036.0 188
198.3087 3045.0 188
199.0118 3056.0 188
199.7314 3068.0 188
200.4510 3079.0 188
201.1542 3091.0 188
201.8738 3104.0 188
202.5934 3119.0 188
203.2965 3133.0 188
204.0106 3148.0 188
204.7302 3164.0 188
205.4333 3182.0 188
206.1530 3192.0 188
206.8726 3210.0 188
207.5757 3235.0 188
208.2953 3252.0 188
209.0149 3271.0 188
209.7180 3293.0 188
210.4321 3312.0 188
211.1517 3335.0 188
211.8549 3359.0 188
212.5745 3384.0 188
213.2941 3411.0 188
214.0137 3437.0 188
214.7168 3463.0 188
215.4199 3490.0 188
216.1230 3518.0 188
216.8262 3547.0 188
217.5293 3580.0 188
218.2324 3611.0 188
220.3418 3715.0 188
221.0449 3751.0 188
221.7480 3788.0 188
222.4512 3811.0 188
223.1543 3767.0 188
225.9668 3809.0 188
226.6699 3849.0 188
227.3730 3894.0 188
228.0762 3944.0 188
228.7793 4003.0 188
229.4824 4057.0 188
230.1855 4127.0 188
230.8887 4178.0 188
231.5918 4213.0 188
232.2949 4269.0 188
232.9980 4327.0 188
233.7012 4392.0 188
234.4043 4464.0 188
235.1074 4543.0 188
236.5137 5016.0 188
237.2168 5101.0 188
237.9199 5193.0 188
238.6230 5285.0 188
239.3262 5380.0 188
240.7324 4438.0 188
241.4355 4407.0 188
242.1387 4457.0 188
243.5449 5702.0 188
244.2480 5663.0 188
244.9512 5629.0 188
245.6543 5594.0 188
246.3574 5561.0 188
247.0605 5529.0 188
247.7637 5498.0 188
248.4668 5467.0 188
249.1699 5433.0 188
249.8730 5407.0 188
255.5145 3052.0 188
256.2177 3055.0 188
256.9208 3068.0 188
257.6239 3082.0 188
258.3270 3097.0 188
259.0302 3107.0 188
259.7333 3095.0 188
263.2654 5066.0 188
263.9685 5056.0 188
264.6716 5050.0 188
265.3748 5043.0 188
266.0779 5033.0 188
266.7810 5025.0 188
268.1873 4543.0 188
268.8904 4522.0 188
270.3076 4165.0 188
271.7139 4425.0 188
272.4170 4408.0 188
273.1201 4384.0 188
273.8232 4338.0 188
275.2295 2595.0 188
276.6522 2189.0 188
277.3553 2182.0 188
278.0585 2185.0 188
278.7616 2185.0 188
279.4647 2180.0 188
280.1678 2179.0 188
280.8710 2181.0 188
281.5906 2186.0 188
282.2937 2192.0 188
282.9968 2200.0 188
283.7000 2216.0 188
284.4031 2247.0 188
285.1062 2286.0 188
286.5125 3795.0 188
287.2321 3769.0 188
287.9352 3738.0 188
288.6383 3712.0 188
289.3414 3691.0 188
290.0446 3670.0 188
290.7477 3657.0 188
291.4508 3658.0 188
292.8735 1791.0 188
293.5767 1775.0 188
294.2798 1764.0 188
294.9829 1758.0 188
295.6860 1754.0 188
296.3892 1753.0 188
302.0306 3699.0 188
302.7338 3686.0 188
303.4369 3673.0 188
304.1510 3662.0 188
304.8541 3652.0 188
305.5573 3642.0 188
306.2604 3633.0 188
306.9635 3627.0 188
307.6666 3619.0 188
308.3698 3610.0 188
309.0729 3604.0 188
309.7925 3597.0 188
310.4956 3592.0 188
311.1987 3588.0 188
311.9019 3584.0 188
312.6050 3580.0 188
313.3081 3576.0 188
314.0112 3572.0 188
314.7144 3572.0 188
315.4340 3572.0 188
316.1371 3572.0 188
316.8402 3569.0 188
317.5433 3568.0 188
318.2465 3571.0 188
318.9496 3573.0 188
319.6527 3574.0 188
320.3558 3577.0 188
321.0754 3580.0 188
321.7786 3583.0 188
322.4817 3589.0 188
323.1848 3593.0 188
323.8879 3598.0 188
324.5911 3605.0 188
325.2942 3611.0 188
325.9973 3618.0 188
326.7169 3626.0 188
327.4200 3633.0 188
328.1232 3641.0 188
328.8263 3651.0 188
329.5294 3661.0 188
330.2325 3671.0 188
330.9357 3682.0 188
331.6388 3695.0 188
332.3419 3709.0 188
333.0450 3723.0 188
333.7482 3736.0 188
334.4513 3750.0 188
335.1544 3765.0 188
335.8575 3780.0 188
336.5607 3795.0 188
337.2638 3811.0 188
337.9669 3829.0 188
338.6700 3848.0 188
339.3732 3867.0 188
340.0763 3886.0 188
340.7794 3907.0 188
341.4990 3930.0 188
342.2021 3951.0 188
342.9053 3975.0 188
343.6084 4000.0 188
344.3115 4025.0 188
345.0146 4050.0 188
345.7178 4078.0 188
346.4209 4106.0 188
347.1240 4137.0 188
347.8271 4169.0 188
348.5303 4200.0 188
349.2334 4230.0 188
349.9365 4264.0 188
350.6396 4300.0 188
351.3428 4334.0 188
352.0459 4372.0 188
352.7490 4414.0 188
353.4521 4455.0 188
354.1553 4497.0 188
354.8749 4540.0 188
355.5780 4582.0 188
356.2811 4631.0 188
356.9952 4679.0 188
357.6984 4729.0 188
358.4180 4782.0 188
359.1211 4834.0 188
