#RPLIDAR SCAN DATA
#COUNT=440
#Angule	Distance	Quality
3.9661 11486.0 188
23.2635 1645.0 188
24.7028 1547.0 188
25.4169 1502.0 188
26.1200 1459.0 188
26.8396 1420.0 188
27.5592 1383.0 188
28.2788 1350.0 188
28.9819 1317.0 188
29.7015 1283.0 188
30.4211 1252.0 188
31.1353 1225.0 188
31.8549 1198.0 188
32.5745 1171.0 188
33.2941 1148.0 188
34.0137 1128.0 188
34.7168 1109.0 188
35.4364 1090.0 188
36.1560 1072.0 188
36.8701 1054.0 188
37.5897 1036.0 188
38.3093 1018.0 188
39.0289 1002.0 188
39.7485 986.0 188
40.4517 971.0 188
41.1713 957.0 188
41.8854 943.0 188
42.6050 930.0 188
43.3246 916.0 188
44.0442 903.0 188
44.7638 892.0 188
45.4834 881.0 188
46.1865 870.0 188
46.9061 861.0 188
47.6202 852.0 188
48.3398 842.0 188
49.0594 831.0 188
49.7791 823.0 188
50.4987 816.0 188
51.2183 805.0 188
51.9214 797.0 188
52.6355 789.0 188
53.3551 780.0 188
54.0747 773.0 188
54.7943 765.0 188
55.5139 759.0 188
56.2335 751.0 188
56.9531 744.0 188
57.6562 737.0 188
58.3594 734.0 188
59.0735 730.0 188
59.7766 723.0 188
60.4962 716.0 188
61.1993 711.0 188
61.9189 705.0 188
62.6221 700.0 188
63.3417 695.0 188
64.0448 692.0 188
64.7479 687.0 188
65.4675 683.0 188
66.1707 679.0 188
66.8903 675.0 188
67.5934 670.0 188
68.3075 667.0 188
69.0106 664.0 188
69.7302 659.0 188
70.4333 656.0 188
71.1365 654.0 188
71.8561 650.0 188
72.5592 647.0 188
73.2788 645.0 188
73.9819 642.0 188
74.7015 639.0 188
75.4047 638.0 188
76.1243 638.0 188
76.8274 634.0 188
77.5415 630.0 188
78.2446 630.0 188
78.9478 630.0 188
79.6674 630.0 188
80.3705 629.0 188
81.0901 628.0 188
81.7932 626.0 188
82.5128 624.0 188
83.2159 623.0 188
83.9355 622.0 188
84.6387 621.0 188
85.3583 619.0 188
86.0614 617.0 188
86.7810 617.0 188
87.4841 617.0 188
88.1982 617.0 188
88.9178 615.0 188
89.6210 615.0 188
90.3406 617.0 188
91.0602 618.0 188
91.7633 619.0 188
92.4829 620.0 188
93.1860 619.0 188
93.9056 619.0 188
94.6198 620.0 188
95.3229 619.0 188
96.0425 619.0 188
96.7621 621.0 188
97.4652 621.0 188
98.1848 622.0 188
98.8879 624.0 188
99.6075 625.0 188
100.3271 626.0 188
101.0303 627.0 188
101.7499 629.0 188
102.4640 630.0 188
103.1671 631.0 188
103.8867 633.0 188
104.5898 635.0 188
105.3094 637.0 188
106.0291 641.0 188
106.7322 643.0 188
107.4518 645.0 188
108.1714 647.0 188
108.8745 650.0 188
109.5886 654.0 188
110.2917 656.0 188
111.0114 659.0 188
111.7310 663.0 188
112.4341 667.0 188
113.1537 670.0 188
113.8733 674.0 188
114.5764 677.0 188
115.2795 681.0 188
115.9827 686.0 188
116.7023 690.0 188
117.4054 694.0 188
118.1085 698.0 188
118.8281 701.0 188
119.5312 707.0 188
120.2344 715.0 188
120.9375 721.0 188
121.6516 727.0 188
122.3547 732.0 188
123.0579 736.0 188
123.7775 741.0 188
124.4806 749.0 188
125.1837 757.0 188
125.9033 762.0 188
126.6064 768.0 188
127.3096 776.0 188
128.0127 785.0 188
128.7323 794.0 188
129.4354 802.0 188
130.1385 809.0 188
130.8582 819.0 188
131.5613 829.0 188
132.2644 836.0 188
132.9840 845.0 188
133.6871 855.0 188
134.3903 864.0 188
135.0934 874.0 188
135.8075 885.0 188
136.5106 897.0 188
137.2137 908.0 188
137.9333 920.0 188
138.6365 932.0 188
139.3396 946.0 188
140.0592 961.0 188
140.7623 975.0 188
141.4655 990.0 188
142.1851 1006.0 188
142.8882 1022.0 188
143.5913 1041.0 188
144.3109 1061.0 188
145.0140 1079.0 188
145.7336 1097.0 188
146.4368 1117.0 188
147.1509 1138.0 188
147.8540 1161.0 188
148.5736 1185.0 188
149.2767 1205.0 188
149.9799 1205.0 188
150.6995 1188.0 188
151.4026 1175.0 188
152.1222 1178.0 188
152.8253 1202.0 188
153.5449 1232.0 188
154.2480 1263.0 188
154.9677 1296.0 188
156.3739 1561.0 188
157.0935 1607.0 188
157.7966 1652.0 188
158.5107 1700.0 188
159.9335 1812.0 188
168.4479 2893.0 188
169.1675 2886.0 188
169.8706 2858.0 188
170.5902 2839.0 188
171.2933 2828.0 188
172.0129 2818.0 188
172.7161 2829.0 188
174.8584 3428.0 188
175.5615 3438.0 188
176.2811 3432.0 188
176.9843 3428.0 188
177.6984 3425.0 188
178.4015 3421.0 188
179.1211 3418.0 188
179.8242 3415.0 188
180.5438 3413.0 188
181.2469 3411.0 188
181.9666 3410.0 188
182.6697 3411.0 188
183.3893 3412.0 188
184.0924 3414.0 188
184.8120 3416.0 188
185.5261 3416.0 188
186.2292 3419.0 188
186.9489 3422.0 188
187.6520 3425.0 188
188.3716 3429.0 188
189.0747 3435.0 188
189.7943 3440.0 188
190.4974 3446.0 188
191.2170 3455.0 188
191.9202 3462.0 188
192.6398 3470.0 188
193.3429 3478.0 188
194.0625 3487.0 188
194.7656 3496.0 188
195.4797 3504.0 188
196.1829 3515.0 188
196.9025 3528.0 188
197.6056 3538.0 188
198.3252 3549.0 188
199.0448 3561.0 188
199.7479 3576.0 188
200.4510 3590.0 188
201.1542 3603.0 188
201.8738 3621.0 188
202.5769 3636.0 188
203.2800 3647.0 188
203.9996 3659.0 188
204.7028 3622.0 188
205.4059 3531.0 188
206.1090 3437.0 188
206.8231 3349.0 188
207.5262 3265.0 188
208.2294 3187.0 188
208.9490 3116.0 188
209.6521 3045.0 188
210.3552 2974.0 188
211.0748 2906.0 188
211.7780 2841.0 188
212.4811 2781.0 188
213.1842 2725.0 188
213.9038 2671.0 188
214.6069 2619.0 188
215.3101 2572.0 188
216.0297 2527.0 188
216.7328 2483.0 188
217.4359 2439.0 188
218.1555 2398.0 188
218.8586 2359.0 188
219.5618 2320.0 188
220.2649 2287.0 188
220.9790 2253.0 188
221.6821 2219.0 188
222.3853 2186.0 188
223.1049 2155.0 188
223.8080 2125.0 188
224.5111 2096.0 188
225.2307 2068.0 188
225.9338 2041.0 188
226.6370 2015.0 188
227.3566 1989.0 188
228.0597 1966.0 188
228.7628 1941.0 188
229.4659 1916.0 188
230.8722 1776.0 188
231.5918 1754.0 188
232.2949 1736.0 188
232.9980 1721.0 188
233.7012 1704.0 188
234.4043 1688.0 188
235.1074 1692.0 188
235.8270 1718.0 188
236.5302 1738.0 188
237.2333 1732.0 188
237.9364 1714.0 188
238.6395 1699.0 188
239.3427 1685.0 188
240.0623 1672.0 188
240.7654 1660.0 188
241.4685 1648.0 188
242.1716 1636.0 188
242.8748 1625.0 188
243.5889 1615.0 188
244.2920 1606.0 188
244.9951 1596.0 188
245.6982 1586.0 188
246.4014 1578.0 188
247.1045 1568.0 188
247.8241 1560.0 188
248.5272 1552.0 188
249.2303 1542.0 188
249.9335 1535.0 188
250.6366 1526.0 188
251.3397 1518.0 188
252.0593 1510.0 188
252.7625 1503.0 188
253.4656 1496.0 188
254.1687 1490.0 188
254.8718 1485.0 188
255.5914 1481.0 188
256.2946 1476.0 188
256.9977 1471.0 188
257.7173 1465.0 188
258.4204 1461.0 188
259.1235 1458.0 188
259.8431 1454.0 188
260.5463 1451.0 188
261.2604 1446.0 188
261.9635 1442.0 188
262.6666 1442.0 188
263.3862 1440.0 188
264.0894 1435.0 188
264.8090 1433.0 188
265.5121 1432.0 188
266.2152 1431.0 188
266.9348 1429.0 188
267.6379 1427.0 188
268.3575 1425.0 188
269.0607 1424.0 188
269.7638 1422.0 188
270.4834 1421.0 188
271.1865 1422.0 188
271.9061 1421.0 188
272.6093 1421.0 188
273.3124 1422.0 188
274.0265 1424.0 188
274.7296 1426.0 188
275.4492 1427.0 188
276.1523 1429.0 188
276.8555 1431.0 188
277.5751 1434.0 188
278.2782 1437.0 188
278.9978 1441.0 188
279.7009 1444.0 188
280.4041 1447.0 188
281.1237 1451.0 188
281.8268 1456.0 188
282.5464 1461.0 188
283.2495 1464.0 188
283.9636 1468.0 188
284.6667 1473.0 188
285.3699 1477.0 188
286.0730 1480.0 188
286.7926 1484.0 188
287.4957 1490.0 188
288.1989 1494.0 188
288.9185 1500.0 188
289.6216 1508.0 188
290.3247 1514.0 188
291.0443 1520.0 188
291.7474 1527.0 188
292.4506 1533.0 188
293.1702 1540.0 188
293.8733 1549.0 188
294.5764 1557.0 188
295.2960 1565.0 188
295.9991 1574.0 188
296.7023 1583.0 188
297.4219 1592.0 188
298.1250 1604.0 188
298.8281 1612.0 188
299.5422 1622.0 188
300.2454 1635.0 188
300.9485 1646.0 188
301.6681 1657.0 188
302.3712 1670.0 188
303.0743 1685.0 188
303.7939 1699.0 188
304.4971 1712.0 188
305.2002 1726.0 188
305.9198 1742.0 188
306.6229 1758.0 188
307.3260 1775.0 188
308.0457 1792.0 188
308.7488 1809.0 188
309.4519 1826.0 188
310.1550 1843.0 188
310.8746 1862.0 188
311.5778 1882.0 188
312.2919 1902.0 188
312.9950 1924.0 188
313.6981 1947.0 188
314.4177 1972.0 188
315.1208 1995.0 188
315.8240 2018.0 188
316.5436 2043.0 188
317.2467 2068.0 188
317.9663 2094.0 188
318.6694 2123.0 188
319.3726 2153.0 188
320.0922 2184.0 188
320.7953 2216.0 188
321.5149 2248.0 188
322.2180 2283.0 188
322.9211 2318.0 188
323.6353 2353.0 188
324.3384 2389.0 188
325.0580 2430.0 188
325.7611 2472.0 188
326.4642 2515.0 188
327.1838 2561.0 188
327.8870 2609.0 188
328.6066 2662.0 188
329.3097 2716.0 188
330.0128 2771.0 188
330.7324 2827.0 188
331.4355 2886.0 188
332.1552 2951.0 188
332.8583 3025.0 188
333.5614 3103.0 188
334.2810 3180.0 188
334.9841 3259.0 188
335.6982 3340.0 188
336.4014 3428.0 188
337.1045 3521.0 188
337.8241 3620.0 188
338.5272 3728.0 188
339.2468 3841.0 188
346.3275 7437.0 188
347.0306 7415.0 188
347.7338 7390.0 188
348.4369 7370.0 188
349.1510 7353.0 188
349.8541 7463.0 188
352.6831 10351.0 188
353.3862 10390.0 188
356.9183 33.0 188
359.0442 18.0 188
