#RPLIDAR SCAN DATA
#COUNT=426
#Angule	Distance	Quality
14.0295 1848.0 188
15.4358 1737.0 188
16.1389 1685.0 188
16.8256 1638.0 188
17.5287 1596.0 188
18.2318 1555.0 188
18.9349 1516.0 188
19.6381 1477.0 188
20.3247 1440.0 188
21.0278 1407.0 188
21.7310 1374.0 188
22.4341 1343.0 188
23.1372 1314.0 188
23.8239 1287.0 188
24.5270 1260.0 188
25.2301 1235.0 188
25.9332 1212.0 188
26.6364 1190.0 188
27.3230 1170.0 188
28.0261 1148.0 188
28.7292 1127.0 188
29.4324 1108.0 188
30.1355 1089.0 188
30.8276 1071.0 188
31.5308 1053.0 188
32.2339 1035.0 188
32.9370 1017.0 188
33.6401 1003.0 188
34.3268 989.0 188
35.0299 976.0 188
35.7330 962.0 188
36.4362 949.0 188
37.1393 936.0 188
37.8424 923.0 188
38.5455 913.0 188
39.2487 902.0 188
39.9518 891.0 188
40.6549 882.0 188
41.3580 873.0 188
42.0612 863.0 188
42.7643 856.0 188
43.4674 848.0 188
44.1705 839.0 188
44.8737 830.0 188
45.5768 821.0 188
46.2799 813.0 188
46.9830 807.0 188
47.7026 800.0 188
48.4058 793.0 188
49.1089 785.0 188
49.8120 778.0 188
50.5151 771.0 188
51.2183 765.0 188
51.9214 761.0 188
52.6245 755.0 188
53.3276 748.0 188
54.0308 743.0 188
54.7339 739.0 188
55.4370 733.0 188
56.1401 729.0 188
56.8542 724.0 188
57.5574 720.0 188
58.2605 716.0 188
58.9636 712.0 188
59.6667 707.0 188
60.3699 702.0 188
61.0730 699.0 188
61.7761 696.0 188
62.4792 694.0 188
63.1824 691.0 188
63.8855 687.0 188
64.5886 683.0 188
65.2917 680.0 188
66.0114 677.0 188
66.6980 675.0 188
67.4011 672.0 188
68.0933 670.0 188
68.7964 667.0 188
69.4830 665.0 188
70.1862 664.0 188
70.8728 662.0 188
71.5759 660.0 188
72.2626 658.0 188
72.9657 656.0 188
73.6688 655.0 188
74.3555 654.0 188
75.0586 652.0 188
75.7452 652.0 188
76.4484 653.0 188
77.1405 651.0 188
77.8436 651.0 188
78.5303 650.0 188
79.2334 648.0 188
79.9200 647.0 188
80.6232 647.0 188
81.3263 647.0 188
82.0129 647.0 188
82.7161 646.0 188
83.4027 646.0 188
84.1058 647.0 188
84.7925 646.0 188
85.4956 646.0 188
86.1823 647.0 188
86.8854 648.0 188
87.5885 649.0 188
88.2806 648.0 188
88.9838 650.0 188
89.6704 651.0 188
90.3735 653.0 188
91.0602 653.0 188
91.7633 653.0 188
92.4500 654.0 188
93.1531 655.0 188
93.8562 657.0 188
94.5428 659.0 188
95.2460 660.0 188
95.9326 663.0 188
96.6357 666.0 188
97.3279 668.0 188
98.0310 670.0 188
98.7177 672.0 188
99.4208 673.0 188
100.1074 676.0 188
100.8105 680.0 188
101.4972 682.0 188
102.2003 686.0 188
102.8870 690.0 188
103.5901 693.0 188
104.2767 695.0 188
104.9799 699.0 188
105.6665 703.0 188
106.3696 706.0 188
107.0618 711.0 188
107.7649 718.0 188
108.4515 722.0 188
109.1547 725.0 188
109.8413 730.0 188
110.5444 735.0 188
111.2311 739.0 188
111.9342 743.0 188
112.6208 748.0 188
113.3240 754.0 188
114.0106 760.0 188
114.7137 766.0 188
115.4059 771.0 188
116.1090 776.0 188
116.7957 784.0 188
117.4988 791.0 188
118.1854 797.0 188
118.8885 804.0 188
119.5752 812.0 188
120.2783 820.0 188
120.9650 828.0 188
121.6681 835.0 188
122.3547 844.0 188
123.0579 851.0 188
123.7610 860.0 188
124.4641 869.0 188
125.1672 878.0 188
125.8704 888.0 188
126.5625 899.0 188
127.2656 910.0 188
127.9688 919.0 188
128.6719 932.0 188
129.3750 946.0 188
130.0781 957.0 188
130.7812 970.0 188
131.4679 984.0 188
132.1710 997.0 188
132.8741 1010.0 188
133.5773 1027.0 188
134.2804 1045.0 188
134.9835 1061.0 188
135.6702 1077.0 188
136.3733 1094.0 188
137.0764 1113.0 188
137.7795 1130.0 188
138.4827 1149.0 188
139.1858 1168.0 188
139.8889 1189.0 188
140.5756 1210.0 188
141.2787 1230.0 188
141.9818 1254.0 188
142.6849 1281.0 188
143.3881 1308.0 188
144.0912 1336.0 188
144.7943 1364.0 188
145.4810 1395.0 188
146.1841 1430.0 188
146.8872 1464.0 188
147.5903 1503.0 188
148.2935 1542.0 188
148.9966 1581.0 188
149.6997 1627.0 188
150.3864 1676.0 188
153.1714 1931.0 188
153.8745 1986.0 188
155.2643 2110.0 188
164.2950 4261.0 188
164.9982 4300.0 188
165.6848 4324.0 188
166.3879 4330.0 188
167.0746 4323.0 188
167.7777 4321.0 188
168.4644 4319.0 188
169.1675 4311.0 188
169.8541 4308.0 188
170.5573 4313.0 188
171.2494 4311.0 188
171.9525 4299.0 188
172.6392 4289.0 188
173.3423 4289.0 188
174.0289 4291.0 188
174.7321 4290.0 188
175.4187 4292.0 188
176.1218 4297.0 188
176.8085 4303.0 188
177.5116 4307.0 188
178.2147 4315.0 188
183.8397 29.0 188
190.8875 4474.0 188
191.5906 4419.0 188
192.2937 4385.0 188
195.1062 3853.0 188
196.5289 3623.0 188
197.2321 3527.0 188
197.9352 3432.0 188
198.6383 3343.0 188
199.3414 3259.0 188
200.0446 3175.0 188
200.7477 3099.0 188
201.4508 3029.0 188
202.1539 2960.0 188
202.8571 2894.0 188
203.5602 2835.0 188
204.2633 2774.0 188
204.9664 2714.0 188
205.6860 2659.0 188
206.3727 2607.0 188
207.0758 2561.0 188
207.7625 2515.0 188
208.4656 2469.0 188
209.1522 2426.0 188
209.8553 2386.0 188
210.5420 2347.0 188
211.2451 2311.0 188
211.9373 2274.0 188
212.6404 2237.0 188
213.3435 2204.0 188
214.0302 2172.0 188
214.7333 2140.0 188
215.4199 2110.0 188
216.1230 2081.0 188
216.8097 2053.0 188
217.5128 2026.0 188
218.1995 1998.0 188
218.9026 1973.0 188
219.5892 1949.0 188
220.2924 1924.0 188
220.9955 1901.0 188
221.6821 1879.0 188
222.3853 1859.0 188
223.0774 1839.0 188
223.7805 1820.0 188
224.4672 1801.0 188
225.1703 1781.0 188
225.8569 1762.0 188
226.5601 1745.0 188
227.2632 1730.0 188
227.9498 1713.0 188
228.6530 1698.0 188
229.3396 1685.0 188
230.0427 1670.0 188
230.7294 1656.0 188
231.4325 1644.0 188
232.1246 1631.0 188
232.8278 1619.0 188
233.5309 1609.0 188
234.2175 1599.0 188
234.9042 1588.0 188
235.6073 1578.0 188
236.2939 1567.0 188
236.9806 1556.0 188
237.6837 1546.0 188
238.3704 1539.0 188
239.0735 1532.0 188
239.7656 1522.0 188
240.4523 1514.0 188
241.1554 1508.0 188
241.8420 1500.0 188
242.5452 1493.0 188
243.2318 1487.0 188
243.9185 1480.0 188
244.6216 1474.0 188
245.3082 1469.0 188
246.0114 1464.0 188
246.6980 1458.0 188
247.3901 1452.0 188
248.0933 1447.0 188
248.7799 1442.0 188
249.4830 1437.0 188
250.1697 1433.0 188
250.8563 1430.0 188
251.5594 1426.0 188
252.2461 1421.0 188
252.9492 1417.0 188
253.6359 1414.0 188
254.3280 1409.0 188
255.0311 1406.0 188
255.7178 1404.0 188
256.4209 1401.0 188
257.1075 1400.0 188
257.7942 1400.0 188
258.4973 1397.0 188
259.1840 1396.0 188
259.8871 1395.0 188
260.5737 1394.0 188
261.2769 1393.0 188
261.9635 1393.0 188
262.6666 1393.0 188
263.3698 1393.0 188
264.0619 1394.0 188
264.7650 1395.0 188
265.4681 1395.0 188
266.1713 1396.0 188
266.8579 1397.0 188
267.5610 1398.0 188
268.2642 1398.0 188
268.9508 1399.0 188
269.6539 1401.0 188
270.3571 1403.0 188
271.0602 1406.0 188
271.7468 1408.0 188
272.4500 1410.0 188
273.1531 1412.0 188
273.8562 1415.0 188
274.5428 1418.0 188
275.2460 1422.0 188
275.9491 1428.0 188
276.6357 1433.0 188
277.3389 1437.0 188
278.0420 1445.0 188
278.7451 1450.0 188
279.4373 1455.0 188
280.1404 1461.0 188
280.8435 1467.0 188
281.5466 1473.0 188
282.2333 1481.0 188
282.9364 1488.0 188
283.6395 1494.0 188
284.3262 1502.0 188
285.0293 1510.0 188
285.7324 1517.0 188
286.4355 1525.0 188
287.1222 1533.0 188
287.8253 1541.0 188
288.5284 1550.0 188
289.2316 1561.0 188
289.9182 1570.0 188
290.6213 1578.0 188
291.3080 1587.0 188
292.0111 1597.0 188
292.6978 1608.0 188
293.4009 1617.0 188
294.1040 1630.0 188
294.7961 1644.0 188
295.4993 1656.0 188
296.1859 1669.0 188
296.8890 1684.0 188
297.5757 1699.0 188
298.2788 1713.0 188
298.9819 1727.0 188
299.6686 1744.0 188
300.3717 1760.0 188
301.0583 1779.0 188
301.7615 1798.0 188
302.4481 1814.0 188
303.1512 1830.0 188
303.8544 1849.0 188
304.5465 1871.0 188
305.2496 1892.0 188
305.9363 1913.0 188
306.6394 1936.0 188
307.3260 1959.0 188
308.0292 1983.0 188
308.7323 2009.0 188
309.4189 2034.0 188
310.1221 2061.0 188
310.8087 2088.0 188
311.5118 2117.0 188
312.1985 2147.0 188
312.9016 2178.0 188
313.6047 2211.0 188
314.2969 2244.0 188
315.0000 2276.0 188
315.6866 2304.0 188
316.3898 2305.0 188
317.0929 2285.0 188
317.7795 2264.0 188
318.4827 2243.0 188
319.1693 2223.0 188
319.8724 2205.0 188
320.5591 2188.0 188
321.2622 2171.0 188
321.9653 2155.0 188
322.6520 2140.0 188
323.3551 2126.0 188
324.0417 2116.0 188
328.9197 2220.0 188
329.6228 2240.0 188
330.3094 2255.0 188
332.4023 2786.0 188
333.1055 2767.0 188
333.7921 2754.0 188
337.2803 5173.0 188
337.9834 5278.0 188
338.6700 5323.0 188
339.3732 5404.0 188
340.0598 5499.0 188
340.7629 5547.0 188
341.4661 5596.0 188
342.1527 5639.0 188
344.2456 5787.0 188
345.6354 39.0 188
347.7448 6347.0 188
358.9343 4517.0 188
