11458.493 794.443
1511.258 649.710
1405.431 646.509
1356.620 644.661
1309.998 642.329
1267.029 641.122
1226.076 639.865
1188.881 639.579
1152.076 638.130
1114.438 635.703
1079.634 633.952
1048.537 633.399
1017.566 632.268
986.792 630.461
959.572 630.179
935.004 630.993
911.573 631.598
888.088 631.981
865.547 632.465
843.198 632.403
820.926 631.963
798.800 631.065
778.382 630.972
758.095 630.467
738.886 629.991
720.377 630.005
702.046 629.587
684.515 629.554
666.370 628.496
649.080 627.777
633.334 628.134
617.683 628.195
602.312 627.789
588.232 628.732
574.284 629.366
559.687 629.058
544.535 627.729
531.441 628.410
519.054 629.634
504.216 627.528
491.543 627.371
478.831 627.090
465.546 625.833
453.542 625.962
441.033 625.072
429.751 625.616
417.413 624.313
405.722 623.639
394.294 622.657
385.049 624.895
375.175 626.214
363.939 624.722
352.617 623.151
342.534 623.050
331.858 622.009
321.900 621.595
311.825 621.120
302.866 622.202
293.075 621.350
283.588 621.343
274.325 621.117
264.933 620.835
255.389 619.416
246.540 619.764
237.842 619.941
228.305 618.189
219.697 618.117
211.448 618.875
202.413 617.680
193.919 617.256
185.576 617.727
177.154 617.074
168.599 616.357
160.770 617.412
153.003 619.382
144.479 617.318
135.911 615.165
128.352 616.787
120.773 618.315
112.998 619.783
105.217 620.137
97.265 620.422
89.359 619.589
81.310 618.680
73.594 618.638
65.713 618.519
58.024 618.283
50.092 616.970
42.380 615.543
34.646 616.026
27.084 616.405
19.400 616.695
11.615 614.890
4.068 614.987
-3.668 616.989
-11.435 617.894
-19.047 618.707
-26.859 619.418
-34.402 618.043
-42.162 617.562
-49.937 617.986
-57.424 616.331
-65.160 615.561
-73.121 616.680
-80.683 615.736
-88.552 615.664
-96.409 616.507
-104.311 616.234
-112.221 615.859
-119.963 615.417
-128.090 615.820
-135.970 615.152
-143.737 614.411
-151.922 614.499
-159.955 614.524
-168.188 614.395
-176.996 616.079
-185.119 615.776
-193.438 615.310
-201.774 614.733
-210.273 615.049
-219.263 616.149
-227.501 615.288
-236.287 615.182
-245.475 615.882
-254.541 616.521
-263.443 616.034
-272.778 616.334
-281.569 615.669
-290.810 615.784
-300.536 616.663
-310.055 616.414
-319.437 616.114
-328.858 615.676
-338.011 614.125
-348.478 615.152
-360.030 617.740
-370.668 618.422
-381.495 618.862
-391.736 618.358
-401.478 616.856
-411.973 615.921
-424.029 617.414
-436.183 618.703
-446.851 617.226
-457.970 616.513
-470.350 617.209
-483.431 618.481
-496.792 619.382
-509.437 619.418
-521.512 618.471
-535.781 619.435
-549.976 620.296
-562.254 618.681
-576.116 618.155
-590.565 618.270
-604.405 617.407
-619.018 617.003
-634.547 616.908
-650.775 617.334
-666.374 616.773
-682.976 616.396
-699.496 615.897
-717.621 616.389
-736.807 616.958
-755.165 616.726
-774.411 616.756
-794.736 616.791
-815.004 616.646
-837.801 617.876
-861.738 618.973
-884.016 618.673
-906.592 617.657
-930.770 617.541
-956.036 617.283
-983.013 617.743
-1011.173 617.862
-1035.872 615.626
-1043.349 602.866
-1036.013 581.395
-1031.656 562.416
-1041.289 550.818
-1069.321 548.960
-1102.990 548.852
-1137.563 548.744
-1174.266 548.375
-1430.157 625.596
-1480.274 625.490
-1529.501 624.284
-1581.826 622.757
-1702.003 621.716
-2834.397 579.349
-2834.574 542.390
-2813.453 502.642
-2800.799 464.161
-2795.411 428.092
-2790.664 391.561
-2806.170 358.677
-3414.207 307.209
-3427.689 266.063
-3424.773 222.605
-3423.253 180.346
-3422.237 137.547
-3419.669 95.430
-3417.598 52.429
-3414.984 10.478
-3412.846 -32.393
-3410.192 -74.226
-3407.992 -117.021
-3407.298 -158.878
-3406.032 -201.717
-3405.295 -243.641
-3403.960 -286.556
-3400.124 -328.958
-3398.814 -370.982
-3396.864 -414.008
-3394.501 -456.059
-3392.463 -499.237
-3392.006 -541.775
-3389.861 -585.183
-3388.325 -627.830
-3389.001 -672.085
-3387.346 -715.073
-3385.905 -759.309
-3384.116 -802.647
-3382.499 -847.272
-3380.550 -891.009
-3376.893 -935.207
-3375.725 -979.646
-3375.594 -1025.745
-3372.284 -1070.114
-3369.021 -1115.841
-3366.084 -1161.981
-3365.690 -1208.267
-3363.727 -1254.368
-3360.203 -1300.248
-3360.312 -1349.052
-3357.355 -1395.944
-3350.077 -1441.385
-3342.673 -1488.226
-3290.543 -1513.675
-3189.521 -1514.898
-3086.283 -1512.556
-2988.661 -1511.194
-2895.401 -1508.933
-2807.941 -1507.460
-2726.659 -1508.240
-2646.243 -1506.460
-2566.292 -1502.938
-2488.972 -1499.951
-2415.120 -1496.154
-2345.964 -1493.456
-2280.594 -1491.481
-2216.864 -1489.884
-2155.615 -1487.442
-2098.844 -1486.620
-2043.616 -1486.393
-1989.959 -1485.043
-1936.649 -1482.603
-1885.636 -1481.479
-1836.945 -1480.038
-1788.576 -1477.632
-1745.128 -1478.139
-1700.902 -1477.478
-1657.251 -1475.628
-1614.642 -1473.611
-1573.374 -1472.590
-1533.535 -1471.018
-1494.688 -1469.395
-1456.397 -1468.173
-1419.493 -1466.533
-1383.536 -1464.942
-1347.415 -1463.077
-1313.988 -1462.393
-1279.464 -1459.607
-1245.209 -1456.197
-1120.749 -1377.715
-1089.690 -1374.442
-1061.733 -1373.470
-1035.772 -1374.416
-1008.762 -1373.323
-982.521 -1372.588
-967.892 -1387.822
-964.990 -1421.379
-958.502 -1449.799
-937.392 -1456.406
-909.895 -1452.545
-884.195 -1450.793
-859.185 -1449.492
-834.425 -1448.903
-810.722 -1448.561
-787.154 -1447.858
-763.726 -1446.796
-740.897 -1446.270
-718.366 -1446.435
-696.659 -1447.032
-674.622 -1446.410
-652.707 -1445.465
-631.715 -1446.036
-610.033 -1444.467
-588.824 -1444.606
-568.124 -1444.278
-546.813 -1441.791
-526.675 -1441.818
-505.958 -1439.681
-485.694 -1438.202
-465.129 -1436.578
-445.389 -1435.492
-425.748 -1434.139
-406.481 -1433.483
-387.555 -1433.536
-368.525 -1434.416
-349.708 -1433.974
-330.961 -1433.285
-311.657 -1431.466
-293.265 -1431.264
-275.114 -1431.809
-256.405 -1431.214
-238.328 -1431.293
-219.711 -1429.211
-201.597 -1427.838
-184.061 -1430.205
-165.854 -1430.417
-147.771 -1427.371
-129.652 -1427.123
-112.052 -1427.609
-94.459 -1427.879
-76.412 -1426.956
-58.813 -1425.787
-40.845 -1424.415
-23.344 -1423.809
-5.862 -1421.988
11.989 -1420.949
29.445 -1421.695
47.265 -1420.214
64.691 -1419.527
82.163 -1419.624
99.990 -1420.485
117.579 -1421.144
135.512 -1420.551
153.148 -1420.770
170.812 -1420.769
189.038 -1421.485
206.899 -1422.027
225.367 -1423.268
243.321 -1423.352
261.313 -1423.209
279.938 -1423.740
298.413 -1425.091
317.373 -1426.112
335.537 -1425.030
354.236 -1424.619
372.957 -1425.002
391.478 -1424.175
409.756 -1422.146
428.740 -1420.718
447.945 -1421.072
466.601 -1419.267
486.334 -1418.971
506.396 -1420.432
525.873 -1419.737
545.816 -1418.621
565.777 -1418.318
585.432 -1416.813
605.934 -1415.784
626.904 -1416.472
647.566 -1415.947
668.716 -1414.936
689.974 -1414.713
711.329 -1414.178
733.178 -1413.122
756.120 -1414.602
777.280 -1412.225
799.751 -1411.128
823.557 -1412.437
846.484 -1411.659
869.921 -1410.279
894.122 -1410.477
919.549 -1411.969
944.996 -1411.943
969.616 -1410.953
994.927 -1410.389
1021.948 -1410.739
1048.727 -1410.934
1076.270 -1411.477
1104.391 -1411.235
1132.266 -1410.835
1160.296 -1409.961
1188.473 -1408.610
1218.503 -1407.939
1248.964 -1407.840
1279.871 -1406.959
1312.042 -1407.239
1345.101 -1407.662
1380.171 -1408.514
1413.649 -1407.701
1447.315 -1406.273
1483.010 -1405.180
1518.498 -1403.847
1555.321 -1402.075
1594.185 -1402.035
1634.041 -1401.898
1675.298 -1401.154
1717.162 -1400.718
1759.667 -1398.955
1804.363 -1398.700
1849.314 -1397.555
1894.775 -1395.148
1941.001 -1392.779
1991.949 -1391.775
2043.599 -1390.858
2096.355 -1389.432
2152.299 -1387.923
2209.826 -1386.920
2272.312 -1386.666
2335.593 -1386.239
2400.066 -1384.964
2466.122 -1382.090
2534.714 -1379.934
2609.322 -1378.348
2691.890 -1379.983
2778.463 -1381.575
2864.967 -1379.986
2953.275 -1378.133
3044.044 -1374.554
3141.325 -1372.320
3243.601 -1369.851
3352.227 -1366.374
3469.245 -1364.670
3591.778 -1361.032
7226.255 -1757.897
7225.844 -1664.153
7221.294 -1570.035
7220.423 -1477.294
7221.577 -1383.991
7346.296 -1314.647
10266.711 -1318.274
10320.855 -1196.683
32.952 -1.774
17.997 -0.300
12505.836 747.710
12500.201 876.270
3521.626 741.001
3470.602 738.202
3422.683 735.360
3377.701 732.863
3333.668 730.219
3291.858 727.209
3252.050 724.286
3210.589 719.802
3174.744 717.211
3143.171 716.829
3111.987 715.459
3082.668 714.540
3054.161 713.859
3024.399 711.143
2994.856 707.803
2967.762 705.891
2942.653 704.362
2918.317 703.185
2895.909 702.512
2874.294 702.185
2851.990 700.859
2829.287 698.204
2808.077 696.637
2788.512 695.989
2769.817 695.639
2750.716 694.034
2732.288 692.957
2714.768 692.169
2696.805 690.208
2679.489 688.814
2664.348 689.294
2648.625 688.756
2632.543 687.011
2617.708 686.652
2603.616 686.793
2589.042 685.858
2574.703 684.564
2561.515 684.745
2548.404 684.699
2535.564 684.291
2522.622 683.802
2509.769 683.092
2497.008 682.164
2484.532 680.895
2471.426 678.700
2459.567 677.936
2447.731 677.017
2436.678 676.653
2425.506 676.225
2413.433 673.873
2402.616 672.978
2392.623 673.784
2382.665 674.441
2372.362 674.023
2361.814 672.488
2351.166 670.879
2341.428 670.929
2331.337 669.919
2321.501 668.681
2311.738 667.298
2302.415 666.705
2293.498 666.915
2284.272 666.064
2275.433 666.026
2265.995 663.972
2257.253 663.687
2248.550 663.284
2239.605 661.804
2230.545 660.253
2221.993 659.491
2213.735 659.584
2205.499 659.570
2197.065 658.475
2188.681 657.268
2180.947 658.890
2173.005 659.436
2164.369 655.943
2156.490 656.281
2148.588 657.536
2140.438 655.695
2132.473 654.742
2124.774 655.675
2116.962 655.519
2109.164 655.265
2101.382 654.915
2093.617 654.469
2085.925 654.925
2078.186 654.288
2070.315 654.560
2062.607 653.730
2054.925 653.806
2047.235 654.787
2039.540 654.674
2031.849 654.467
2024.161 654.165
2016.477 653.769
2008.727 654.276
2000.841 654.677
1993.247 652.999
1985.473 653.218
1977.566 654.333
1969.620 655.348
1961.926 654.283
1954.090 654.111
1946.077 654.827
1938.569 652.488
1930.720 652.023
1922.866 651.460
1914.828 650.758
1906.510 651.941
1898.622 651.072
1890.733 650.104
1882.582 650.000
1874.134 650.751
1865.640 651.387
1857.106 651.909
1848.841 651.364
1841.205 648.817
1832.754 647.998
1823.431 649.945
1814.742 649.888
1806.389 648.782
1797.268 649.414
1788.093 649.915
1778.869 650.284
1769.596 650.520
1760.277 650.621
1751.347 649.686
1741.325 650.326
1731.877 650.015
1722.858 648.682
1712.864 648.975
1702.324 649.988
1692.711 649.104
1682.555 648.937
1672.348 648.612
1662.095 648.131
1651.075 648.215
1640.724 647.405
1630.333 646.434
1619.153 645.994
1607.510 646.310
1595.795 646.433
1583.893 646.270
1571.429 646.788
1559.328 646.169
1547.344 645.487
1535.305 644.604
1523.034 643.365
1509.567 643.570
1495.840 643.377
1482.209 643.098
1469.191 641.851
1455.244 640.922
1439.993 641.330
1425.898 639.876
1411.919 638.349
1397.152 637.250
1380.658 637.030
1363.496 637.351
1346.109 637.207
1329.502 636.217
1311.268 636.180
1292.753 635.566
1274.312 634.805
1254.807 634.058
1234.571 633.746
1213.413 633.613
1191.145 633.377
1168.928 632.931
1147.251 631.211
1123.976 630.399
1098.051 630.707
1072.660 629.661
1046.462 628.874
1017.429 628.840
990.971 626.903
962.482 625.054
931.399 624.314
899.285 623.358
866.135 622.149
832.844 620.212
796.712 618.826
757.705 617.883
717.453 616.090
675.374 614.553
629.439 613.595
583.326 611.596
535.186 609.267
481.259 607.917
424.317 606.335
301.169 601.528
94.780 590.238
75.488 569.607
82.535 541.771
-5582.508 471.757
-5589.379 378.124
-8592.996 254.213
2016.674 25.443
-8476.573 -2001.800
-5488.889 -1817.643
-5443.815 -1906.715
-1636.923 -1595.891
-1248.897 -1575.014
-1135.987 -1568.841
-1027.877 -1563.030
-929.976 -1560.240
-834.856 -1555.373
-743.799 -1550.384
-659.363 -1546.919
-576.300 -1542.142
-494.626 -1536.088
-414.749 -1530.050
-342.593 -1525.925
-274.247 -1522.486
-206.350 -1517.612
-139.752 -1511.881
94.481 -1421.286
149.844 -1416.785
196.120 -1417.909
216.345 -1438.709
222.532 -1471.796
245.665 -1490.281
290.192 -1490.151
338.190 -1485.854
383.585 -1482.622
428.341 -1479.654
470.147 -1477.418
510.219 -1475.781
550.011 -1473.394
589.507 -1470.257
628.437 -1467.514
665.273 -1465.099
701.164 -1462.751
736.782 -1459.748
772.121 -1456.098
804.879 -1455.108
837.761 -1452.527
869.142 -1450.930
900.296 -1448.785
931.823 -1445.305
961.131 -1444.804
989.238 -1444.306
1018.321 -1441.708
1046.044 -1440.268
1074.553 -1437.821
1101.328 -1436.296
1127.384 -1435.181
1152.746 -1434.502
1177.948 -1433.422
1202.987 -1431.945
1227.857 -1430.075
1252.555 -1427.818
1276.547 -1427.163
1299.976 -1425.920
1323.258 -1424.323
1345.510 -1424.173
1368.078 -1422.793
1390.502 -1421.079
1411.566 -1421.778
1432.941 -1421.260
1455.008 -1419.686
1476.147 -1418.549
1497.168 -1417.113
1517.720 -1416.318
1537.834 -1416.180
1558.510 -1413.874
1579.051 -1411.280
1598.852 -1410.307
1619.261 -1408.233
1638.857 -1406.717
1658.349 -1404.937
1677.734 -1402.896
1696.527 -1402.536
1715.486 -1400.959
1734.132 -1400.108
1752.707 -1399.015
1771.480 -1397.736
1789.901 -1396.162
1808.074 -1395.336
1826.028 -1395.267
1844.233 -1392.993
1862.216 -1391.478
1879.770 -1392.715
1897.648 -1390.753
1915.957 -1387.610
1933.504 -1387.187
1950.876 -1388.542
1968.852 -1386.713
1986.357 -1384.637
2004.169 -1383.359
2021.490 -1383.847
2038.824 -1383.123
2056.540 -1381.184
2073.832 -1381.030
2091.496 -1379.652
2108.685 -1377.071
2126.189 -1376.263
2143.478 -1376.252
2160.703 -1375.031
2178.313 -1373.562
2195.500 -1371.914
2213.068 -1370.009
2230.335 -1368.926
2248.140 -1368.565
2265.562 -1368.037
2283.328 -1369.265
2301.207 -1368.226
2318.881 -1368.017
2337.189 -1368.482
2354.937 -1367.817
2373.113 -1366.833
2390.913 -1365.710
2409.227 -1366.297
2427.873 -1366.573
2446.314 -1366.674
2465.499 -1367.373
2484.362 -1367.933
2503.089 -1366.206
2521.438 -1364.364
2540.140 -1363.224
2558.942 -1360.750
2578.068 -1360.043
2597.651 -1358.918
2616.893 -1357.681
2636.970 -1356.934
2656.319 -1355.158
2675.301 -1352.203
2694.723 -1349.896
2714.882 -1348.092
2735.718 -1347.923
2757.106 -1348.338
2778.068 -1346.456
2799.654 -1346.236
2820.856 -1344.817
2842.029 -1341.992
2863.368 -1339.943
2885.816 -1339.284
2908.231 -1337.185
2931.414 -1336.671
2954.163 -1334.957
2977.391 -1332.624
3002.600 -1333.474
3026.803 -1332.282
3051.510 -1330.412
3077.136 -1330.026
3102.292 -1328.421
3129.194 -1327.660
3154.587 -1325.202
3182.004 -1324.626
3210.480 -1324.116
3238.201 -1322.579
3266.724 -1321.308
3296.458 -1319.916
3325.959 -1318.354
3356.303 -1316.987
3387.895 -1315.400
3418.553 -1312.921
3451.513 -1311.967
3485.769 -1310.673
3520.565 -1309.824
3557.050 -1309.646
3592.990 -1308.119
3627.974 -1304.163
3664.259 -1301.274
3703.428 -1299.096
3743.985 -1297.862
3784.759 -1295.826
3826.787 -1293.246
3871.192 -1291.932
3919.093 -1292.034
3966.821 -1290.037
4012.751 -1286.493
4062.225 -1284.208
4115.687 -1282.454
4170.740 -1281.222
4226.068 -1278.833
4282.026 -1274.637
4341.322 -1271.867
4405.254 -1270.254
4471.620 -1267.512
4539.684 -1264.941
4608.040 -1260.891
4678.830 -1255.476
4756.744 -1252.678
4838.609 -1249.829
4924.824 -1245.954
5013.761 -1242.145
5106.042 -1236.902
5203.042 -1232.007
5307.833 -1227.801
5415.215 -1220.936
5529.158 -1214.922
5653.848 -1209.870
5782.124 -1201.805
8413.140 -1726.354
8415.809 -1643.345
8416.892 -1558.449
8409.602 -1474.025
8404.129 -1390.674
8403.828 -1307.090
8397.166 -1224.599
7021.781 -825.984
7018.286 -761.312
7014.732 -698.435
7009.585 -634.205
12577.140 -718.908
12580.696 -586.379
12577.544 -454.661
12573.677 -325.170
12568.282 -192.819
11862.523 65.625
11863.321 186.033
12523.808 456.918
12519.590 588.500
11131.536 1437.974
11125.166 1556.725
11112.385 1674.703
11101.592 1796.034
3230.763 910.499
2988.746 878.590
2938.250 872.340
2889.846 865.993
2843.515 859.621
2799.240 853.291
2758.679 848.157
2720.935 843.799
2685.134 839.756
2650.430 835.520
2616.813 831.129
2585.080 827.210
2556.210 824.152
2528.144 821.391
2498.726 816.813
2469.565 811.627
2442.211 807.114
2417.387 803.988
2394.277 801.678
2370.606 798.245
2348.617 795.691
2326.812 792.706
2304.478 788.600
2283.780 785.460
2264.676 783.342
2246.424 781.581
2227.636 778.749
2209.692 776.300
2192.576 774.260
2175.605 771.905
2158.785 769.237
2143.398 767.801
2128.764 766.866
2114.858 766.460
2099.631 764.380
2084.607 761.977
2071.030 760.828
2058.527 761.213
2044.383 758.924
2030.564 756.258
2017.788 755.152
2005.650 754.673
1992.728 752.178
1979.743 749.582
1967.394 747.627
1955.841 746.228
1944.256 744.715
1932.706 743.049
1921.442 741.099
1910.544 739.959
1899.729 738.648
1889.615 737.983
1878.125 734.528
1866.770 730.888
1856.923 729.743
1846.642 727.580
1837.887 728.997
1828.599 728.359
1818.136 724.847
1808.812 723.997
1799.729 722.951
1790.524 721.838
1781.080 719.641
1772.484 719.166
1763.750 718.627
1754.854 716.988
1746.656 717.128
1738.057 716.236
1729.278 714.254
1720.969 713.086
1712.532 711.847
1704.343 711.475
1696.184 710.996
1688.065 709.394
1680.003 707.686
1672.288 707.853
1664.716 708.914
1656.891 707.897
1649.213 707.776
1641.259 704.573
1633.562 703.261
1626.050 703.847
1618.472 703.343
1610.914 702.746
1603.339 701.056
1595.834 700.272
1588.341 698.396
1580.894 697.428
1573.485 695.369
1566.101 694.219
1558.667 694.978
1551.262 694.646
1543.861 694.224
1536.427 692.704
1529.052 692.100
1521.585 692.400
1514.327 690.619
1507.228 687.759
1499.779 687.787
1492.467 686.734
1485.169 685.590
1477.538 686.327
1470.246 685.000
1462.971 683.584
1455.504 683.057
1448.032 682.435
1440.557 681.719
1433.079 680.908
1425.343 680.969
1418.119 679.002
1410.641 677.907
1403.165 676.716
1395.220 676.329
1387.908 674.997
1380.107 674.461
1372.629 672.881
1365.159 671.205
1356.975 671.296
1349.130 670.347
1341.274 669.292
1333.014 669.049
1324.722 668.690
1316.403 668.214
1308.487 666.718
1300.567 665.114
1292.644 663.401
1284.723 661.581
1275.383 662.295
1266.465 661.990
1258.002 660.681
1249.020 660.114
1240.004 659.412
1230.536 659.491
1221.446 658.511
1212.327 657.393
1202.624 656.966
1192.876 656.385
1183.086 655.650
1173.256 654.759
1163.985 652.910
1152.877 653.300
1141.698 653.503
1131.076 652.735
1121.043 651.018
1110.984 649.139
1099.594 648.609
1088.146 647.883
1077.318 646.219
1065.091 645.835
1053.491 644.511
1041.846 642.985
1028.743 642.667
1017.000 640.715
1004.498 639.246
992.578 636.760
978.507 636.186
964.206 635.171
949.992 634.062
937.093 631.217
924.320 628.321
909.804 626.245
894.600 624.699
880.777 621.450
865.470 619.330
847.522 618.451
831.274 616.273
813.995 614.117
796.803 611.836
776.932 610.681
756.222 609.802
736.120 607.725
714.369 606.494
691.511 605.049
666.809 604.088
642.141 602.856
617.222 600.817
591.464 598.972
565.464 596.277
537.720 594.174
509.783 591.260
480.943 588.349
450.042 585.278
418.268 582.232
385.335 578.510
349.663 575.487
315.622 570.588
278.832 566.310
238.051 562.137
197.308 557.411
153.497 552.264
104.957 547.989
56.225 542.295
2.559 536.663
-1262.851 385.369
-1264.252 350.256
-6908.338 -76.375
-6906.639 -180.580
-3553.066 -1240.516
-3479.411 -1287.916
-3460.727 -1351.099
-3449.876 -1416.614
-3444.352 -1482.430
-3432.901 -1547.748
-3419.491 -1613.182
-3410.447 -1678.781
-3403.771 -1747.224
-3391.492 -1813.988
-3376.462 -1879.995
-3346.349 -1938.408
-1965.789 -1803.207
-1698.383 -1766.517
-1582.356 -1753.671
-1474.219 -1742.036
-1114.447 -1618.659
-1036.632 -1615.798
-1002.190 -1638.901
-984.374 -1674.053
-928.515 -1682.485
-847.762 -1671.591
-771.401 -1660.666
-701.706 -1653.434
-634.754 -1646.809
-567.279 -1636.907
-500.664 -1626.853
-438.465 -1618.634
-379.827 -1611.751
-325.163 -1605.781
-270.207 -1598.056
-217.922 -1591.295
-168.256 -1585.582
-120.432 -1580.309
-73.710 -1574.828
-26.904 -1568.920
16.953 -1563.835
60.437 -1557.925
102.199 -1552.687
142.939 -1547.428
182.027 -1542.942
221.423 -1536.976
259.032 -1533.000
295.235 -1528.752
331.136 -1523.866
366.717 -1518.343
402.564 -1511.388
435.725 -1507.049
468.027 -1502.961
500.361 -1498.533
532.104 -1493.345
561.928 -1490.143
590.451 -1488.143
619.293 -1484.831
647.391 -1481.910
675.722 -1478.801
702.886 -1475.849
729.840 -1472.469
756.580 -1468.667
783.095 -1464.445
808.935 -1460.705
834.127 -1457.467
858.297 -1456.773
882.300 -1454.605
906.940 -1450.251
930.587 -1447.368
954.061 -1444.138
976.992 -1441.498
999.846 -1439.628
1022.804 -1435.388
1044.906 -1432.704
1066.536 -1430.655
1088.784 -1427.499
1109.837 -1425.798
1130.774 -1423.811
1151.864 -1420.577
1173.241 -1417.173
1193.534 -1415.298
1213.479 -1414.124
1233.563 -1411.713
1253.819 -1409.101
1273.870 -1405.179
1293.968 -1400.012
1313.356 -1397.529
1332.573 -1397.827
1351.785 -1394.846
1370.886 -1391.619
1389.876 -1388.149
1409.171 -1384.486
1427.712 -1382.517
1446.270 -1379.321
1464.649 -1376.888
1483.300 -1375.253
1501.415 -1374.357
1519.536 -1372.238
1537.623 -1368.897
1556.020 -1366.339
1573.924 -1364.548
1591.771 -1361.538
1609.543 -1358.309
1627.685 -1355.850
1645.398 -1354.181
1663.022 -1351.298
1680.652 -1349.197
1698.599 -1347.856
1716.159 -1345.321
1733.782 -1343.566
1751.262 -1340.603
1769.104 -1337.373
1786.622 -1334.969
1804.265 -1333.339
1822.307 -1331.421
1839.573 -1327.381
1857.155 -1325.095
1875.329 -1323.486
1893.100 -1321.733
1910.871 -1319.757
1929.286 -1318.429
1947.065 -1315.996
1965.097 -1314.305
1983.822 -1313.229
2002.462 -1312.982
2020.861 -1311.534
2039.067 -1307.812
2057.491 -1305.885
2076.271 -1304.659
2095.014 -1302.144
2114.218 -1301.348
2133.481 -1300.290
2153.577 -1299.729
2172.170 -1296.291
2191.164 -1292.431
2210.998 -1291.223
2230.471 -1288.830
2250.810 -1286.875
2270.359 -1283.930
2291.311 -1283.377
2312.748 -1282.306
2331.952 -1277.621
2352.627 -1275.283
2374.249 -1273.280
2394.012 -1268.607
2414.825 -1265.359
2437.007 -1263.330
2458.466 -1260.287
2479.421 -1256.088
2501.921 -1252.964
2525.822 -1252.212
2549.642 -1249.985
2573.764 -1248.459
2597.391 -1245.743
2621.097 -1242.650
2647.759 -1241.993
2672.282 -1238.869
2696.887 -1235.343
2724.562 -1234.113
2752.000 -1232.730
2780.244 -1231.615
2807.654 -1228.185
2834.097 -1223.910
2862.713 -1221.331
2892.539 -1218.573
2921.402 -1214.961
2951.095 -1211.525
2982.619 -1208.647
3016.256 -1207.473
3047.826 -1203.677
3081.402 -1200.177
3115.513 -1197.120
3149.772 -1193.418
3187.663 -1191.101
3224.581 -1187.892
3260.069 -1182.755
3298.450 -1178.231
3339.048 -1175.201
3378.190 -1170.213
3418.657 -1164.489
3461.399 -1160.145
3506.822 -1156.574
3551.102 -1150.439
3596.024 -1144.488
3644.527 -1139.670
3696.039 -1134.944
3749.259 -1130.516
3803.557 -1125.448
3858.052 -1119.228
3914.846 -1112.096
3974.154 -1105.752
4037.591 -1099.174
4103.606 -1093.188
4169.837 -1085.757
4238.088 -1077.682
4312.378 -1069.669
4389.321 -1061.913
4470.191 -1053.919
4555.342 -1044.683
4640.381 -1034.364
4731.259 -1024.130
4828.964 -1014.081
4934.801 -1003.323
5005.243 -980.020
5017.175 -937.645
5010.599 -888.923
5014.654 -844.666
5065.568 -812.774
7177.706 -1214.186
7168.892 -1140.041
7161.065 -1066.706
7155.538 -992.728
5736.974 -611.439
5733.617 -557.348
5729.388 -504.648
5731.433 -453.052
9591.592 -559.570
11296.202 -214.046
11288.221 -94.609
11284.774 24.563
11274.854 145.439
11262.463 264.180
11252.617 382.746
11242.201 503.921
11227.426 621.937
11213.017 742.577
11204.080 863.482
11185.659 983.526
11171.005 1100.992
11163.529 1222.044
11147.702 1341.242
9663.554 371.317
6920.712 507.303
5281.979 708.198
5160.571 706.199
5051.229 703.773
5006.578 704.960
4961.931 705.560
4915.912 703.860
4874.396 703.814
4834.178 702.941
4795.741 702.505
4761.195 702.842
4726.637 702.769
4693.327 702.126
4662.570 702.663
4630.489 701.157
4600.161 700.259
4573.477 700.745
4545.923 700.396
4518.736 699.188
4492.345 698.272
4467.127 697.138
4442.682 696.349
4421.551 697.521
4400.532 698.270
4379.054 697.729
4358.353 697.561
4337.721 697.058
4316.482 695.481
4297.078 694.614
4279.080 694.946
4261.913 695.626
4243.417 694.580
4226.662 694.405
4210.517 694.828
4194.533 694.890
4177.908 693.984
4162.936 694.082
4147.863 694.084
4132.887 693.815
4118.650 694.046
4105.323 694.645
4091.251 694.389
4077.338 693.836
4064.658 694.691
4051.642 694.384
4039.098 694.812
4026.622 695.032
4013.097 693.389
4000.979 693.057
3989.824 694.337
3977.650 693.747
3964.587 691.207
3953.302 690.958
3942.887 692.379
3931.527 691.895
3920.240 691.233
3909.222 690.294
3898.542 690.175
3887.920 689.893
3878.284 691.226
3869.213 693.271
3859.323 693.369
3849.479 693.326
3839.103 692.300
3829.365 691.970
3819.678 691.503
3810.393 691.836
3800.608 691.171
3790.744 689.354
3781.594 689.295
3772.782 690.065
3763.210 688.865
3754.454 689.395
3745.716 689.810
3736.740 689.145
3728.107 690.349
3719.429 690.422
3710.777 690.384
3702.150 690.233
3693.357 690.011
3684.784 689.637
3676.240 689.154
3667.727 688.562
3659.267 688.870
3650.944 689.053
3642.507 688.140
3634.218 688.114
3625.751 688.005
3617.490 687.771
3609.245 687.435
3601.016 686.997
3592.615 686.467
3584.500 687.823
3576.306 687.079
3568.147 687.235
3559.796 688.291
3551.634 687.244
3543.475 687.097
3535.245 688.849
3526.876 688.491
3518.764 687.043
3510.418 686.478
3502.099 687.818
3493.548 689.035
3485.372 688.175
3476.832 689.184
3468.520 689.110
3460.152 687.914
3451.671 688.619
3443.139 688.197
3434.976 686.718
3426.249 687.063
3417.475 688.311
3408.680 688.425
3400.283 687.496
3391.452 687.383
3382.532 688.170
3373.709 687.839
3364.995 687.428
3355.778 687.801
3346.713 688.108
3337.418 688.229
3328.279 688.287
3318.914 688.152
3309.004 689.830
3299.188 690.358
3289.886 689.895
3279.978 690.146
3269.816 691.253
3259.802 691.212
3249.936 691.114
3239.899 690.812
3229.950 690.427
3219.770 689.800
3209.281 690.008
3198.069 690.834
3186.974 691.591
3176.609 690.330
3165.393 690.749
3153.916 690.876
3142.567 690.939
3131.156 690.824
3120.236 689.694
3108.719 689.224
3096.386 689.259
3083.592 690.040
3070.120 691.413
3058.945 689.357
3047.010 687.820
3033.923 687.759
3021.390 686.697
3008.166 686.198
2994.875 685.474
2981.328 684.356
2965.909 685.405
2951.056 685.439
2937.484 683.751
2920.895 684.524
2905.788 683.750
2889.180 684.108
2871.026 685.545
2854.924 684.580
2837.816 683.787
2820.062 683.547
2802.206 682.968
2783.494 682.698
2762.947 683.116
2740.904 684.613
2721.062 683.808
2699.532 683.834
2677.879 683.430
2655.917 682.332
2633.221 681.633
2608.765 681.613
2582.514 682.209
2554.248 683.069
2526.842 683.080
2498.438 683.045
2469.026 682.926
2436.750 683.492
2405.289 683.079
2373.673 681.992
2339.274 681.652
2300.279 682.886
2261.077 683.262
2221.490 682.387
2178.306 682.742
2133.102 682.975
2086.777 682.602
2037.500 682.385
1985.247 682.215
-156.902 678.989
-205.139 639.974
-233.198 596.876
-252.841 552.075
-255.087 504.751
-257.739 457.565
-257.893 409.452
-255.384 361.958
-258.268 315.036
-260.575 268.102
-253.317 220.687
-250.512 172.588
-247.071 125.688
-245.070 77.822
-248.465 31.138
-248.276 -16.687
-244.487 -64.438
-243.136 -111.111
-244.158 -159.001
-244.597 -206.573
-245.491 -253.532
-5810.708 -1608.002
3533.114 16.682
-139.023 -1364.520
-117.587 -1409.410
222.057 -1423.073
338.118 -1421.122
451.360 -1416.437
551.631 -1415.810
642.562 -1417.619
734.421 -1415.655
821.355 -1413.987
901.652 -1413.729
980.647 -1412.209
1054.855 -1411.455
1125.614 -1411.831
1196.425 -1409.467
1264.254 -1407.167
1329.136 -1405.039
1389.435 -1404.286
1448.129 -1404.003
1504.411 -1403.019
1558.716 -1402.033
1610.259 -1401.703
1661.490 -1400.329
1712.002 -1399.054
1758.629 -1398.699
1804.188 -1398.046
1847.916 -1397.770
1892.133 -1395.992
1934.943 -1395.126
1975.566 -1394.289
2015.183 -1393.348
2053.806 -1392.335
2090.730 -1391.981
2127.685 -1391.208
2164.821 -1388.758
2199.596 -1387.771
2233.449 -1386.875
2267.075 -1385.365
2300.864 -1383.605
2332.025 -1383.128
2363.631 -1381.338
2393.092 -1381.297
2422.367 -1380.744
2451.234 -1380.790
2480.128 -1379.231
2509.416 -1376.377
2536.700 -1375.441
2564.201 -1374.332
2590.539 -1373.298
2615.020 -1374.315
2639.929 -1374.107
2665.232 -1372.661
2689.298 -1372.500
2713.225 -1371.961
2737.408 -1371.283
2760.043 -1371.724
2782.080 -1372.696
2804.969 -1371.578
2827.247 -1370.995
2848.943 -1370.968
2870.086 -1371.517
2891.534 -1371.949
2913.324 -1370.063
2934.966 -1367.854
2955.261 -1368.076
2975.469 -1368.012
2995.581 -1367.661
3015.596 -1367.027
3036.263 -1365.328
3055.722 -1365.066
3074.433 -1366.423
3093.738 -1365.635
3112.950 -1364.583
3131.770 -1364.225
3150.784 -1363.694
3169.448 -1362.830
3188.289 -1360.752
3206.526 -1360.359
3224.463 -1360.700
3242.577 -1359.833
3260.619 -1358.732
3278.983 -1357.477
3296.684 -1356.887
3314.331 -1356.070
3331.915 -1355.029
3349.286 -1354.753
3366.339 -1356.238
3384.046 -1355.580
3401.198 -1355.643
3418.425 -1354.498
3435.816 -1355.165
3452.806 -1355.582
3469.982 -1352.797
3487.314 -1352.814
3504.153 -1354.596
3521.505 -1353.184
3538.402 -1352.547
3555.271 -1353.702
3572.430 -1354.649
3589.349 -1355.386
3606.219 -1353.917
3623.499 -1353.222
3640.432 -1353.332
3657.702 -1352.207
3674.647 -1351.895
3691.597 -1351.374
3709.163 -1352.590
3726.023 -1350.650
3743.123 -1350.486
3760.930 -1352.030
3778.253 -1352.417
3796.179 -1353.504
3813.588 -1353.446
3831.225 -1354.149
3849.388 -1355.549
3867.148 -1355.792
3884.955 -1355.806
3903.447 -1356.461
3921.863 -1357.941
3940.765 -1359.065
3958.799 -1358.125
3977.158 -1357.907
3996.269 -1358.273
4015.057 -1358.508
4033.916 -1358.489
4052.904 -1357.130
4072.232 -1357.533
4092.404 -1358.448
4111.164 -1356.447
4130.721 -1356.041
4150.745 -1356.280
4171.663 -1356.972
4191.462 -1355.719
4211.320 -1354.187
4232.552 -1355.070
4253.718 -1354.611
4273.789 -1352.200
4295.324 -1352.147
4317.841 -1352.429
4339.590 -1351.717
4361.940 -1351.540
4384.402 -1351.019
4407.894 -1350.758
4432.184 -1352.063
4454.993 -1350.465
4479.006 -1350.173
4505.809 -1352.521
4530.689 -1352.237
4555.701 -1351.551
4582.431 -1351.765
4609.533 -1352.620
4636.192 -1352.228
4664.253 -1352.944
4693.522 -1353.623
4723.229 -1354.880
4752.481 -1354.858
4780.578 -1352.827
4811.089 -1352.288
4841.507 -1351.449
4872.092 -1350.067
4905.329 -1349.895
4939.789 -1350.910
4974.476 -1351.280
5010.101 -1351.693
5047.077 -1351.686
5083.882 -1351.404
5121.653 -1351.083
5161.555 -1350.879
5202.070 -1350.999
5242.823 -1350.330
5285.764 -1349.613
5327.764 -1347.928
5373.169 -1347.826
5420.839 -1347.464
5469.202 -1347.245
5519.473 -1347.192
5570.419 -1345.528
5622.900 -1344.496
5679.018 -1344.541
5737.396 -1344.061
5797.530 -1343.805
5861.418 -1344.316
5915.647 -1336.784
5935.636 -1309.726
5932.484 -1269.942
5929.959 -1230.227
5928.243 -1192.376
5927.749 -1155.647
5928.843 -1119.300
5928.177 -1083.368
5927.294 -1046.948
5926.491 -1011.807
5927.027 -977.626
5926.434 -942.529
5925.067 -908.287
5926.024 -875.284
5924.815 -841.262
5925.799 -808.858
5925.398 -776.241
5923.823 -742.770
5923.483 -710.734
5922.713 -678.826
5922.672 -646.640
5925.875 -616.289
5932.565 -586.954
5955.575 -560.887
5999.582 -539.969
6048.471 -518.409
6087.250 -494.435
6122.864 -469.025
6147.536 -440.136
6160.907 -409.653
9626.825 -830.932
9692.535 -762.356
3587.518 22.892
7224.954 1075.112
7106.078 1064.013
7050.310 1058.129
6999.522 1053.020
6953.191 1049.689
6908.025 1045.851
6864.878 1042.061
6822.030 1037.337
6781.409 1032.406
6744.213 1029.149
6707.284 1025.100
6672.281 1021.398
6639.176 1018.114
6608.155 1015.014
6577.150 1011.571
6547.976 1008.699
6520.601 1006.464
6494.209 1004.300
6469.773 1002.616
6443.772 999.416
6418.744 996.348
6395.419 994.110
6372.280 991.412
6350.205 988.790
6328.171 985.892
6306.330 982.564
6284.687 978.811
6266.034 977.509
6247.729 975.664
6230.043 974.410
6211.823 972.088
6194.419 970.180
6177.162 967.954
6160.056 965.412
6145.002 964.883
6129.427 963.311
6113.980 961.464
6099.871 960.939
6085.858 960.176
6071.360 958.364
6058.707 958.760
6045.558 958.126
6031.945 956.443
6018.445 954.533
6005.064 952.397
5992.327 950.892
5980.717 950.898
5968.470 949.974
5956.510 948.742
5944.163 946.443
5932.400 944.830
5920.734 943.032
5909.613 941.948
5899.446 942.494
5888.468 941.084
5877.160 938.597
5866.766 937.769
5856.833 937.708
5846.185 935.657
5836.370 935.306
5826.118 933.933
5816.417 933.302
5806.771 932.534
5797.182 931.632
5787.340 929.647
5777.580 927.522
5768.483 927.175
5759.425 926.706
5750.673 927.081
5741.688 926.374
5732.509 924.578
5723.400 922.657
5714.580 921.590
5705.617 920.447
5697.280 920.091
5688.602 918.681
5680.271 918.124
5671.690 916.494
5663.499 915.715
5655.284 915.851
5647.150 914.869
5638.863 913.808
5630.802 912.624
5622.593 911.358
5614.495 910.986
5606.602 910.504
5598.494 908.935
5590.687 909.259
5582.712 910.493
5574.803 908.629
5566.814 908.668
5559.025 907.612
5551.101 905.459
5543.377 904.216
5535.444 903.870
5527.517 903.427
5519.782 902.901
5511.953 901.269
5504.244 900.557
5496.250 900.725
5488.670 898.831
5480.808 897.815
5472.996 897.718
5464.991 897.497
5456.977 897.175
5449.443 894.809
5441.243 895.273
5433.406 894.692
5425.163 894.949
5417.535 893.197
5409.748 891.308
5401.912 890.338
5393.896 889.222
5385.605 888.964
5377.476 888.653
5369.446 887.227
5360.981 887.658
5352.297 887.914
5344.029 887.152
5335.629 886.238
5327.398 885.281
5319.345 883.216
5310.727 882.971
5301.508 883.453
5293.223 882.050
5283.928 882.279
5274.765 882.456
5265.814 881.517
5257.467 879.646
5248.029 879.351
5238.731 879.012
5229.695 877.564
5219.785 877.798
5208.703 879.546
5199.236 878.641
5190.080 876.635
5180.036 876.304
5169.768 875.707
5160.184 874.232
5150.403 872.496
5140.208 871.556
5129.218 871.147
5118.352 870.690
5107.257 869.927
5096.842 868.281
5086.283 866.380
5073.986 866.784
5062.075 866.065
5050.931 864.532
5038.920 863.421
5026.366 863.005
5013.574 862.217
5000.893 861.366
4988.675 859.412
4975.188 858.842
4962.881 856.452
4949.106 855.240
4935.271 853.779
4921.380 852.068
4906.691 850.772
4891.301 849.993
4875.720 848.795
4861.604 846.022
4844.349 845.514
4826.218 845.291
4810.360 842.876
4792.853 841.363
4774.631 840.326
4756.971 838.120
4739.248 835.567
4718.157 834.913
4696.127 834.380
4675.666 832.309
4655.290 830.082
4633.824 827.702
4610.563 825.901
4588.939 822.614
4565.509 819.857
4542.002 816.610
4516.659 813.806
4491.392 810.770
4466.787 806.445
4438.527 803.340
4407.464 800.894
4376.294 797.763
4344.114 794.352
4311.843 790.231
4276.868 786.904
4237.927 783.905
4199.804 779.672
4156.897 776.307
4113.871 771.962
4070.746 766.640
4020.884 762.507
3968.184 758.578
3698.974 744.574
3639.751 734.821
3507.690 714.787
1314.442 516.406
1272.633 466.079
1246.460 415.473
1238.851 362.581
1244.904 310.609
1246.579 257.561
1248.891 205.798
1257.850 153.001
1262.412 101.474
1259.659 48.406
1264.497 -3.493
1279.994 -55.403
1294.018 -105.919
1298.802 -158.333
1302.105 -209.675
1309.155 -261.868
1313.704 -313.126
1316.081 -366.008
1317.936 -417.859
1322.603 -470.633
1323.992 -524.118
5539.712 249.644
1452.642 -1498.454
1524.819 -1526.609
1577.953 -1561.975
2144.661 -1511.296
2391.278 -1485.099
2496.497 -1476.742
2600.152 -1466.569
2697.931 -1457.198
2790.763 -1448.312
2882.936 -1437.416
2967.698 -1428.871
3046.843 -1421.835
3124.591 -1413.680
3199.297 -1405.604
3267.748 -1400.041
3337.307 -1391.865
3405.515 -1382.841
3469.682 -1376.072
3530.054 -1368.658
3585.761 -1364.403
3640.589 -1358.479
3695.446 -1352.014
3747.136 -1345.909
3796.640 -1341.321
3844.562 -1335.950
3890.374 -1332.206
3936.247 -1326.575
3982.035 -1320.374
4024.621 -1316.147
4065.721 -1311.409
4106.930 -1306.333
4145.988 -1301.555
4184.503 -1297.214
4221.594 -1292.536
4258.169 -1288.332
4294.631 -1282.333
4329.314 -1278.374
4362.647 -1274.238
4396.752 -1269.073
4429.346 -1264.904
4460.634 -1260.657
4490.934 -1257.823
4520.704 -1254.275
4549.960 -1251.255
4578.551 -1247.464
4607.872 -1242.639
4635.965 -1237.904
4663.201 -1234.687
4689.198 -1232.749
4715.576 -1228.420
4741.179 -1225.661
4765.204 -1224.026
4790.427 -1220.483
4814.564 -1217.223
4838.045 -1215.598
4861.521 -1212.584
4884.680 -1210.258
4906.851 -1209.410
4928.476 -1208.056
4950.364 -1205.475
4972.138 -1203.678
4993.721 -1200.472
5015.143 -1196.962
5036.470 -1194.240
5056.235 -1193.899
5076.330 -1193.434
5096.986 -1189.752
5116.749 -1187.651
5136.235 -1187.325
5155.778 -1184.697
5175.350 -1182.888
5194.147 -1181.677
5213.101 -1179.253
5232.126 -1177.652
5250.429 -1176.687
5269.076 -1175.576
5287.425 -1173.162
5305.810 -1170.540
5324.199 -1168.717
5342.091 -1166.592
5360.307 -1164.304
5377.893 -1162.721
5395.289 -1161.914
5413.155 -1159.945
5430.638 -1156.717
5448.341 -1154.305
5465.488 -1152.641
5482.832 -1148.780
5500.241 -1146.718
5517.149 -1145.425
5534.441 -1142.939
5551.239 -1142.236
5568.017 -1142.331
5585.159 -1139.221
5601.875 -1137.910
5618.961 -1136.385
5635.613 -1134.670
5652.635 -1132.732
5669.291 -1131.613
5686.331 -1130.260
5703.356 -1128.698
5720.201 -1127.951
5737.315 -1126.967
5754.293 -1124.779
5771.391 -1123.373
5788.084 -1121.819
5805.165 -1119.995
5822.055 -1116.975
5838.703 -1114.808
5855.936 -1113.335
5873.176 -1111.645
5890.646 -1110.711
5907.503 -1108.683
5924.753 -1106.343
5941.994 -1103.785
5959.503 -1101.971
5976.633 -1100.049
5994.466 -1098.742
6012.950 -1099.103
6030.793 -1098.400
6048.740 -1096.382
6068.091 -1097.880
6086.476 -1096.305
6104.641 -1094.585
6123.477 -1093.441
6142.366 -1092.038
6161.304 -1090.374
6180.729 -1090.444
6200.202 -1089.154
6219.299 -1086.689
6238.940 -1085.938
6259.040 -1084.711
6278.742 -1082.308
6298.968 -1080.500
6318.874 -1078.612
6339.221 -1076.217
6360.133 -1074.382
6382.162 -1073.938
6402.848 -1071.702
6423.437 -1068.073
6444.236 -1065.223
6466.029 -1062.633
6488.085 -1060.790
6509.437 -1056.710
6533.197 -1055.527
6557.418 -1054.946
6580.795 -1052.190
6604.495 -1050.141
6629.928 -1048.957
6655.113 -1047.656
6680.141 -1044.858
6705.264 -1041.640
6732.106 -1040.566
6758.778 -1037.957
6787.244 -1037.422
6816.242 -1036.026
6842.903 -1032.349
6870.025 -1027.841
6899.389 -1024.940
6930.814 -1023.827
6961.913 -1021.197
6992.785 -1018.402
7025.659 -1015.948
7058.318 -1013.307
7092.258 -1010.261
7127.895 -1007.834
7162.551 -1004.559
7199.299 -1001.384
7235.841 -997.977
7274.506 -994.565
7313.791 -991.472
7354.421 -987.675
7396.871 -984.190
7439.265 -980.204
7481.219 -974.467
7519.569 -966.322
7535.297 -942.794
7532.680 -908.351
7528.325 -874.221
7523.754 -839.797
7519.206 -806.701
7516.213 -774.248
7513.323 -743.045
7510.244 -711.504
7507.587 -680.626
7505.112 -650.939
7503.368 -621.307
7504.608 -594.022
7668.433 -459.836
7696.084 -440.233
7718.603 -419.179
8253.885 -480.950
8244.367 -443.114
8239.958 -407.846
10654.023 -684.678
10768.674 -640.050
10823.491 -584.782
10913.565 -532.050
11016.784 -480.688
11073.075 -419.625
11129.676 -357.392
11179.440 -294.910
11343.596 -98.711
5606.552 256.212
11914.578 254.183
9999.195 1131.779
