0.0 0.0 0.0
1078.8286406556003 -379.7543506946172 -0.02590045250188577
-123.81851303035182 -169.9129624798596 0.025489376682545202
-89.05535411802215 -141.18751055016185 -0.02553960122381213
21.822376618946635 -152.53664441159805 -0.06064470344799734
152.72022683876747 -192.0943268714046 -0.009183697474618556
302.15221878491485 -201.76962620111286 0.010361378994065761
422.02743023146246 -217.70897056674573 0.02056874621288547
640.6356341541812 -203.96771302844513 0.07999225681752767
781.4537568847788 -223.4699269060842 0.04731827613319299
