#RPLIDAR SCAN DATA
#COUNT=496
#Angule	Distance	Quality
359.9011 3637.0 188
0.6042 3635.0 188
1.3239 3634.0 188
2.0435 3635.0 188
2.7466 3634.0 188
3.4662 3635.0 188
4.1858 3637.0 188
4.8889 3639.0 188
5.6085 3642.0 188
6.3116 3645.0 188
7.0312 3649.0 188
7.7454 3654.0 188
8.4485 3660.0 188
9.1681 3666.0 188
9.8877 3673.0 188
10.5908 3679.0 188
11.3104 3686.0 188
12.0300 3692.0 188
12.7332 3700.0 188
13.4528 3711.0 188
14.1669 3723.0 188
14.8700 3733.0 188
15.5896 3746.0 188
16.3092 3759.0 188
17.0123 3773.0 188
17.7319 3785.0 188
18.4515 3797.0 188
19.1547 3811.0 188
19.8743 3828.0 188
20.5884 3844.0 188
21.2915 3860.0 188
21.9946 3878.0 188
22.7142 3898.0 188
23.4174 3919.0 188
24.1205 3939.0 188
24.8401 3960.0 188
25.5432 3982.0 188
26.2628 4005.0 188
26.9659 4030.0 188
27.6691 4052.0 188
28.3887 4077.0 188
29.0918 4104.0 188
29.8114 4130.0 188
30.5145 4158.0 188
31.2177 4186.0 188
31.9373 4216.0 188
32.6404 4247.0 188
33.3545 4280.0 188
34.0576 4313.0 188
34.7607 4347.0 188
35.4803 4383.0 188
36.1835 4421.0 188
36.9031 4461.0 188
37.6062 4502.0 188
38.3093 4544.0 188
39.0289 4586.0 188
39.7321 4631.0 188
40.4517 4677.0 188
41.1548 4726.0 188
41.8579 4778.0 188
42.5775 4828.0 188
43.2806 4894.0 188
43.9948 4964.0 188
44.6979 5022.0 188
45.4010 5079.0 188
46.1206 5141.0 188
46.8237 5208.0 188
47.5433 5269.0 188
48.2465 5336.0 188
48.9661 5407.0 188
49.6692 5479.0 188
50.3888 5552.0 188
51.0919 5619.0 188
51.8115 5694.0 188
52.5311 5783.0 188
53.2343 5873.0 188
53.9484 5965.0 188
54.6680 6065.0 188
55.3711 6167.0 188
56.0907 6269.0 188
56.7938 6381.0 188
57.5134 6504.0 188
58.2330 6626.0 188
58.9362 6758.0 188
59.6558 6831.0 188
60.3699 6800.0 188
61.0730 6746.0 188
61.7926 6698.0 188
62.4957 6648.0 188
63.2153 6602.0 188
63.9349 6562.0 188
64.6381 6522.0 188
65.3577 6480.0 188
66.0773 6443.0 188
66.7804 6407.0 188
67.5000 6368.0 188
68.2031 6334.0 188
68.9172 6302.0 188
69.6368 6270.0 188
70.3400 6239.0 188
71.0596 6210.0 188
71.7792 6182.0 188
72.4823 6156.0 188
73.2019 6131.0 188
73.9050 6106.0 188
74.6246 6080.0 188
75.3387 6060.0 188
76.0419 6041.0 188
76.7615 6020.0 188
77.4811 5999.0 188
78.1842 5980.0 188
78.8873 5962.0 188
79.5905 5946.0 188
80.3101 5929.0 188
81.0132 5914.0 188
81.7163 5902.0 188
82.4359 5889.0 188
83.1390 5877.0 188
83.8422 5866.0 188
84.5618 5857.0 188
85.2649 5849.0 188
85.9680 5841.0 188
86.6821 5835.0 188
87.3853 5830.0 188
88.0884 5824.0 188
88.8080 5821.0 188
89.5111 5817.0 188
90.2142 5816.0 188
90.9338 5816.0 188
91.6370 5814.0 188
92.3401 5815.0 188
93.0597 5817.0 188
93.7628 5818.0 188
94.4659 5820.0 188
95.1855 5827.0 188
95.8887 5834.0 188
96.5918 5838.0 188
97.3114 5846.0 188
98.0145 5854.0 188
98.7177 5860.0 188
99.4373 5874.0 188
100.1404 5888.0 188
100.8435 5899.0 188
101.5576 5913.0 188
102.2607 5925.0 188
102.9639 5938.0 188
103.6670 5954.0 188
104.3866 5971.0 188
105.0897 5992.0 188
105.8093 6012.0 188
106.4960 6032.0 188
107.1991 6054.0 188
107.9022 6072.0 188
108.6053 6095.0 188
109.3085 6114.0 188
112.8241 5233.0 188
113.5272 5229.0 188
114.2303 5252.0 188
114.9335 5274.0 188
115.6366 5303.0 188
116.3397 5329.0 188
117.0428 5359.0 188
117.7460 5390.0 188
118.4491 5421.0 188
119.1522 5456.0 188
119.8389 5492.0 188
120.5420 5528.0 188
121.2451 5566.0 188
121.9482 5607.0 188
122.6514 5646.0 188
123.3545 5688.0 188
124.0576 5704.0 188
124.7607 5628.0 188
125.4639 5500.0 188
126.1670 5396.0 188
126.8701 5305.0 188
127.5732 5215.0 188
128.2764 5127.0 188
128.9795 5042.0 188
129.6826 4958.0 188
130.3857 4878.0 188
131.0889 4807.0 188
131.7920 4737.0 188
132.4951 4666.0 188
133.1982 4599.0 188
133.9014 4537.0 188
134.6045 4478.0 188
135.3241 4419.0 188
136.0437 4361.0 188
136.7633 4308.0 188
137.4664 4258.0 188
138.1860 4208.0 188
138.9056 4160.0 188
139.6198 4114.0 188
140.3394 4069.0 188
141.0425 4024.0 188
141.7621 3981.0 188
142.4817 3939.0 188
143.2013 3899.0 188
143.9209 3863.0 188
144.6240 3828.0 188
145.3436 3795.0 188
146.0577 3763.0 188
146.7773 3728.0 188
147.4969 3694.0 188
148.2001 3664.0 188
148.9197 3636.0 188
149.6393 3608.0 188
150.3589 3581.0 188
151.0730 3555.0 188
151.7761 3532.0 188
152.4957 3509.0 188
153.2153 3485.0 188
153.9349 3462.0 188
154.6545 3442.0 188
155.3577 3422.0 188
156.0773 3401.0 188
156.7969 3381.0 188
157.5110 3372.0 188
158.2306 3424.0 188
158.9337 3469.0 188
159.6533 3444.0 188
160.3729 3421.0 188
161.0925 3433.0 188
162.5262 3582.0 188
163.2294 3581.0 188
163.9490 3559.0 188
164.6521 3545.0 188
165.3717 3531.0 188
166.0748 3518.0 188
166.7944 3505.0 188
167.4976 3493.0 188
168.2172 3483.0 188
168.9203 3473.0 188
169.6399 3461.0 188
170.3430 3451.0 188
171.0571 3443.0 188
172.4799 5590.0 188
173.9026 3414.0 188
174.6057 3410.0 188
175.3253 3401.0 188
176.7480 3194.0 188
177.4677 3200.0 188
178.1708 3200.0 188
178.8904 3196.0 188
179.5935 3195.0 188
180.3076 3197.0 188
181.0107 3199.0 188
181.7303 3198.0 188
182.4335 3199.0 188
183.1531 3200.0 188
183.8562 3202.0 188
184.5758 3205.0 188
185.9985 3076.0 188
186.7017 3080.0 188
187.4213 3084.0 188
188.1244 3088.0 188
188.8385 3092.0 188
189.5416 3099.0 188
190.2612 3105.0 188
190.9808 3111.0 188
191.6840 3119.0 188
192.4036 3126.0 188
193.1067 3134.0 188
193.8263 3142.0 188
194.5459 3152.0 188
195.2490 3163.0 188
195.9686 3172.0 188
196.6827 3182.0 188
197.3859 3192.0 188
198.1055 3203.0 188
198.8251 3215.0 188
199.5282 3227.0 188
200.2478 3240.0 188
200.9674 3254.0 188
201.6705 3267.0 188
202.3901 3282.0 188
203.1042 3297.0 188
203.8074 3314.0 188
204.5270 3331.0 188
205.2301 3350.0 188
205.9497 3368.0 188
206.6693 3387.0 188
207.3724 3406.0 188
208.0920 3427.0 188
208.8116 3448.0 188
209.5148 3470.0 188
210.2344 3494.0 188
210.9485 3518.0 188
211.6516 3543.0 188
212.3712 3569.0 188
213.0908 3594.0 188
213.7939 3623.0 188
214.5135 3654.0 188
215.2332 3684.0 188
215.9363 3716.0 188
216.6559 3749.0 188
217.3700 3784.0 188
218.0731 3818.0 188
218.7927 3853.0 188
219.5123 3890.0 188
220.2155 3928.0 188
220.9186 3970.0 188
221.6217 4013.0 188
222.3248 4056.0 188
223.0280 4086.0 188
223.7311 4063.0 188
224.4507 4005.0 188
225.1538 3947.0 188
225.8569 3892.0 188
226.5601 3845.0 188
227.2632 3799.0 188
227.9663 3753.0 188
228.6694 3706.0 188
229.3890 3650.0 188
230.0922 3594.0 188
230.7953 3558.0 188
231.4984 3521.0 188
232.2015 3482.0 188
232.9047 3448.0 188
233.6078 3415.0 188
234.3274 3382.0 188
235.0305 3351.0 188
235.7336 3322.0 188
236.4368 3294.0 188
237.1399 3267.0 188
237.8430 3241.0 188
238.5571 3215.0 188
239.2603 3191.0 188
239.9634 3168.0 188
240.6665 3144.0 188
241.3696 3120.0 188
242.0728 3099.0 188
242.7759 3079.0 188
243.4955 3059.0 188
244.1986 3038.0 188
244.9017 3017.0 188
245.6049 2998.0 188
246.3080 2982.0 188
247.0111 2966.0 188
247.7307 2948.0 188
248.4338 2932.0 188
249.1370 2917.0 188
249.8566 2901.0 188
250.5597 2885.0 188
251.2793 2872.0 188
251.9824 2860.0 188
252.7020 2848.0 188
253.4052 2835.0 188
254.1248 2824.0 188
254.8279 2815.0 188
255.5420 2805.0 188
256.2451 2795.0 188
256.9647 2785.0 188
257.6678 2776.0 188
258.3875 2767.0 188
259.0906 2759.0 188
259.8102 2752.0 188
260.5133 2745.0 188
261.2329 2737.0 188
261.9360 2732.0 188
263.3588 2625.0 188
264.0619 2614.0 188
264.7760 2616.0 188
265.4791 2613.0 188
266.1987 2610.0 188
266.9019 2607.0 188
267.6215 2603.0 188
268.3246 2600.0 188
269.0442 2597.0 188
269.7473 2594.0 188
270.4669 2592.0 188
271.1700 2590.0 188
271.8896 2590.0 188
272.5928 2590.0 188
273.3124 2592.0 188
274.0155 2595.0 188
274.7296 2598.0 188
275.4327 2601.0 188
276.1523 2605.0 188
276.8555 2609.0 188
277.5586 2615.0 188
278.2782 2619.0 188
278.9813 2623.0 188
279.6844 2627.0 188
280.4041 2632.0 188
281.1072 2638.0 188
281.8268 2646.0 188
282.5299 2651.0 188
283.2330 2658.0 188
283.9526 2667.0 188
284.6558 2675.0 188
285.3699 2684.0 188
286.0730 2691.0 188
286.7761 2700.0 188
287.4957 2709.0 188
288.1989 2721.0 188
288.9185 2730.0 188
289.6216 2740.0 188
290.3247 2752.0 188
291.0443 2765.0 188
291.7474 2777.0 188
292.4670 2788.0 188
293.1702 2800.0 188
293.8733 2814.0 188
294.5929 2828.0 188
295.2960 2843.0 188
296.0156 2859.0 188
296.7188 2875.0 188
297.4219 2892.0 188
298.1360 2909.0 188
298.8391 2927.0 188
299.5587 2945.0 188
300.2618 2966.0 188
300.9650 2990.0 188
301.6846 3014.0 188
302.3877 3036.0 188
303.1073 3059.0 188
303.8104 3073.0 188
305.2332 3256.0 188
305.9363 3285.0 188
306.6559 3312.0 188
307.3590 3342.0 188
308.0731 3374.0 188
308.7762 3406.0 188
309.4958 3438.0 188
310.1990 3472.0 188
310.9186 3509.0 188
311.6217 3545.0 188
312.3413 3582.0 188
313.0444 3622.0 188
313.7640 3663.0 188
314.4672 3707.0 188
315.1868 3752.0 188
315.8899 3798.0 188
316.6040 3845.0 188
317.3071 3891.0 188
318.0267 3941.0 188
318.7299 3996.0 188
319.4330 4064.0 188
320.1526 4134.0 188
320.8557 4195.0 188
321.5753 4257.0 188
322.2784 4322.0 188
322.9980 4389.0 188
323.7012 4463.0 188
324.4208 4528.0 188
325.1239 4534.0 188
325.8435 4490.0 188
326.5466 4445.0 188
327.2607 4404.0 188
327.9639 4367.0 188
328.6835 4333.0 188
329.3866 4298.0 188
330.1062 4266.0 188
330.8093 4233.0 188
331.5289 4200.0 188
332.2321 4170.0 188
332.9517 4142.0 188
333.6548 4114.0 188
334.3579 4088.0 188
335.0775 4063.0 188
335.7806 4038.0 188
336.4948 4013.0 188
337.1979 3989.0 188
337.9175 3968.0 188
338.6206 3947.0 188
339.3402 3926.0 188
340.0433 3905.0 188
340.7465 3886.0 188
341.4661 3866.0 188
342.1692 3848.0 188
342.8888 3836.0 188
343.5919 3828.0 188
344.3115 3816.0 188
345.0146 3803.0 188
345.7343 3791.0 188
346.4374 3778.0 188
347.1405 3767.0 188
347.8546 3755.0 188
348.5577 3744.0 188
349.2773 3732.0 188
349.9805 3722.0 188
350.7001 3714.0 188
351.4032 3706.0 188
352.1228 3696.0 188
352.8259 3689.0 188
353.5455 3683.0 188
354.2487 3677.0 188
354.9518 3672.0 188
355.6714 3665.0 188
356.3745 3659.0 188
357.0886 3656.0 188
357.7917 3651.0 188
358.5114 3642.0 188
359.2145 3636.0 188
