#RPLIDAR SCAN DATA
#COUNT=501
#Angule	Distance	Quality
359.2804 5150.0 188
0.0000 5196.0 188
0.7031 5254.0 188
1.4172 5310.0 188
2.1204 5359.0 188
2.8400 5411.0 188
3.5431 5466.0 188
4.2627 5521.0 188
4.9658 5576.0 188
5.6854 5634.0 188
6.3885 5698.0 188
7.0917 5758.0 188
7.8113 5819.0 188
8.5144 5881.0 188
9.2340 5945.0 188
9.9371 6017.0 188
10.6512 6092.0 188
11.3544 6173.0 188
12.0740 6252.0 188
12.7771 6334.0 188
13.4967 6425.0 188
14.1998 6519.0 188
14.9194 6619.0 188
15.6226 6721.0 188
16.3422 6827.0 188
17.0453 6942.0 188
17.7649 7007.0 188
18.4680 6976.0 188
19.1821 6910.0 188
19.8853 6849.0 188
20.6049 6790.0 188
21.3080 6737.0 188
22.0111 6682.0 188
22.7142 6631.0 188
23.4174 6581.0 188
24.1205 6533.0 188
24.8401 6488.0 188
25.5432 6442.0 188
26.2463 6398.0 188
26.9495 6355.0 188
27.6526 6314.0 188
28.3557 6275.0 188
29.0753 6240.0 188
29.7784 6207.0 188
30.4816 6172.0 188
31.1847 6138.0 188
31.8878 6103.0 188
32.5909 6072.0 188
33.3105 6044.0 188
34.0137 6017.0 188
34.7168 5990.0 188
35.4199 5960.0 188
36.1230 5933.0 188
36.8427 5909.0 188
37.5458 5884.0 188
38.2489 5861.0 188
38.9520 5840.0 188
39.6552 5821.0 188
40.3583 5803.0 188
41.0779 5786.0 188
41.7810 5769.0 188
42.4841 5754.0 188
43.1873 5741.0 188
43.8904 5725.0 188
44.5935 5710.0 188
45.3076 5698.0 188
46.0107 5688.0 188
46.7139 5680.0 188
47.4170 5671.0 188
48.1201 5661.0 188
48.8397 5652.0 188
49.5428 5646.0 188
50.2460 5641.0 188
50.9491 5638.0 188
51.6687 5634.0 188
52.3718 5629.0 188
53.0750 5627.0 188
53.7946 5626.0 188
54.4977 5626.0 188
55.2008 5627.0 188
55.9039 5628.0 188
56.6235 5631.0 188
57.3267 5635.0 188
58.0298 5638.0 188
58.7494 5644.0 188
59.4525 5649.0 188
60.1556 5654.0 188
60.8698 5663.0 188
61.5729 5672.0 188
62.2760 5681.0 188
62.9791 5692.0 188
63.6987 5703.0 188
64.4019 5717.0 188
65.1050 5729.0 188
65.8246 5741.0 188
66.5277 5755.0 188
67.2308 5768.0 188
67.9504 5776.0 188
70.7794 4836.0 188
71.4825 4855.0 188
72.1857 4868.0 188
72.9053 4882.0 188
73.6084 4904.0 188
74.3115 4925.0 188
75.0311 4948.0 188
75.7343 4970.0 188
76.4374 4992.0 188
77.1515 5017.0 188
77.8546 5043.0 188
78.5577 5069.0 188
79.2609 5095.0 188
79.9640 5125.0 188
80.6671 5155.0 188
81.3702 5184.0 188
82.0734 5216.0 188
82.7930 5242.0 188
83.4961 5184.0 188
84.1992 5058.0 188
84.9023 4950.0 188
85.6055 4849.0 188
86.3086 4748.0 188
87.0117 4652.0 188
87.7148 4562.0 188
88.4344 4474.0 188
89.1376 4388.0 188
89.8407 4308.0 188
90.5438 4234.0 188
91.2469 4162.0 188
91.9501 4091.0 188
92.6532 4027.0 188
93.3563 3966.0 188
94.0759 3903.0 188
94.7791 3846.0 188
95.4822 3792.0 188
96.1853 3738.0 188
96.8884 3685.0 188
97.5916 3634.0 188
98.2947 3585.0 188
98.9978 3539.0 188
99.7174 3496.0 188
100.4205 3451.0 188
101.1237 3410.0 188
101.8268 3372.0 188
102.5299 3334.0 188
103.2330 3299.0 188
103.9362 3265.0 188
104.6393 3230.0 188
105.3589 3197.0 188
106.0455 3168.0 188
106.7487 3137.0 188
107.4518 3106.0 188
108.1384 3079.0 188
108.8416 3053.0 188
109.5447 3026.0 188
110.2313 3001.0 188
110.9344 2975.0 188
111.6376 2951.0 188
112.3242 2929.0 188
113.0273 2907.0 188
113.7305 2887.0 188
114.4171 2866.0 188
115.1202 2846.0 188
115.8234 2827.0 188
116.5155 2808.0 188
117.2186 2789.0 188
117.9218 2771.0 188
118.6084 2754.0 188
119.3115 2752.0 188
120.0146 2801.0 188
120.7013 2846.0 188
121.4044 2836.0 188
122.1075 2806.0 188
122.7942 2787.0 188
123.4973 2803.0 188
124.8871 2953.0 188
125.5902 2965.0 188
126.2933 2943.0 188
126.9800 2929.0 188
127.6831 2919.0 188
128.3862 2907.0 188
129.0729 2896.0 188
129.7760 2886.0 188
130.4791 2876.0 188
131.1713 2866.0 188
131.8744 2859.0 188
132.5775 2851.0 188
133.2806 2844.0 188
133.9838 2837.0 188
134.6979 2828.0 188
135.4010 2823.0 188
136.8237 4967.0 188
138.2465 2802.0 188
138.9661 2796.0 188
139.6692 2795.0 188
140.3888 2793.0 188
141.1084 2788.0 188
142.5311 2579.0 188
143.2343 2587.0 188
143.9484 2593.0 188
144.6515 2591.0 188
145.3711 2592.0 188
146.0742 2595.0 188
146.7938 2596.0 188
147.4969 2601.0 188
148.2166 2605.0 188
148.9362 2608.0 188
149.6393 2610.0 188
150.3589 2614.0 188
151.0620 2618.0 188
151.7761 2622.0 188
152.4792 2626.0 188
153.9020 2507.0 188
154.6216 2508.0 188
155.3412 2515.0 188
156.0443 2522.0 188
156.7639 2529.0 188
157.4670 2535.0 188
158.1866 2543.0 188
158.8898 2551.0 188
159.6094 2559.0 188
160.3125 2567.0 188
161.0266 2576.0 188
161.7462 2587.0 188
162.4329 2596.0 188
163.1360 2606.0 188
163.8391 2618.0 188
164.5422 2629.0 188
165.2454 2642.0 188
165.9485 2655.0 188
166.6516 2667.0 188
167.3547 2679.0 188
168.0579 2693.0 188
168.7610 2709.0 188
169.4641 2724.0 188
170.1672 2740.0 188
170.8704 2758.0 188
171.5625 2776.0 188
172.2656 2793.0 188
172.9688 2811.0 188
173.6719 2829.0 188
174.3750 2848.0 188
175.0781 2869.0 188
175.7812 2890.0 188
176.4844 2912.0 188
177.1875 2935.0 188
177.8906 2959.0 188
178.5938 2985.0 188
179.2969 3011.0 188
180.0000 3037.0 188
180.6866 3066.0 188
181.3898 3094.0 188
182.0929 3122.0 188
182.7960 3153.0 188
183.4991 3185.0 188
184.2023 3218.0 188
184.9054 3253.0 188
185.6085 3289.0 188
186.3116 3323.0 188
187.0148 3360.0 188
187.7179 3400.0 188
188.4210 3440.0 188
189.1241 3482.0 188
189.8273 3527.0 188
190.5304 3573.0 188
191.2500 3620.0 188
191.9531 3669.0 188
192.6672 3721.0 188
193.3868 3776.0 188
194.0900 3807.0 188
194.8096 3790.0 188
195.5292 3748.0 188
196.2323 3707.0 188
196.9519 3669.0 188
197.6715 3635.0 188
198.3746 3603.0 188
199.0887 3571.0 188
199.8083 3538.0 188
200.5115 3509.0 188
201.2311 3479.0 188
201.9507 3439.0 188
202.6538 3401.0 188
203.3734 3375.0 188
204.0765 3349.0 188
204.7961 3325.0 188
205.5103 3303.0 188
206.2134 3281.0 188
206.9330 3260.0 188
207.6526 3238.0 188
208.3557 3218.0 188
209.0753 3200.0 188
209.7949 3182.0 188
210.4980 3164.0 188
211.2177 3147.0 188
211.9373 3131.0 188
212.6404 3114.0 188
213.3545 3097.0 188
214.0741 3082.0 188
214.7772 3072.0 188
215.4968 3058.0 188
216.2164 3042.0 188
216.9196 3030.0 188
217.6392 3018.0 188
218.3588 3006.0 188
219.0454 2994.0 188
219.7485 2984.0 188
220.4517 2973.0 188
221.1548 2964.0 188
221.8579 2956.0 188
222.5610 2948.0 188
223.2642 2941.0 188
223.9673 2934.0 188
224.6704 2926.0 188
225.3735 2919.0 188
226.0767 2914.0 188
226.7798 2909.0 188
227.4829 2904.0 188
228.1860 2900.0 188
228.8892 2896.0 188
229.5923 2893.0 188
230.2954 2890.0 188
230.9985 2888.0 188
231.7017 2887.0 188
232.3883 2888.0 188
233.0914 2889.0 188
233.7946 2890.0 188
234.4977 2892.0 188
235.2008 2896.0 188
235.9039 2895.0 188
236.6071 2892.0 188
237.3102 2893.0 188
238.0133 2892.0 188
238.7164 2852.0 188
239.4196 2811.0 188
240.1227 2810.0 188
240.8258 2816.0 188
241.5289 2821.0 188
242.2321 2826.0 188
242.9352 2829.0 188
243.6383 2834.0 188
244.3414 2840.0 188
245.0446 2844.0 188
245.7477 2849.0 188
246.4508 2855.0 188
247.1539 2861.0 188
247.8571 2870.0 188
248.5602 2879.0 188
249.2633 2888.0 188
249.9664 2899.0 188
250.6860 2912.0 188
251.3892 2924.0 188
252.0923 2933.0 188
252.7954 2943.0 188
253.4985 2955.0 188
254.2181 2968.0 188
254.9213 2981.0 188
255.6244 2993.0 188
256.3275 3007.0 188
257.0306 3023.0 188
257.7448 3038.0 188
258.4479 3055.0 188
259.1510 3073.0 188
259.8541 3091.0 188
260.5573 3109.0 188
261.2769 3128.0 188
261.9800 3149.0 188
262.6831 3168.0 188
263.3862 3187.0 188
264.0894 3209.0 188
264.8090 3234.0 188
265.5121 3258.0 188
266.2152 3281.0 188
266.9183 3306.0 188
267.6215 3333.0 188
268.3411 3359.0 188
269.0442 3386.0 188
269.7473 3415.0 188
270.4504 3446.0 188
271.1536 3479.0 188
271.8732 3513.0 188
272.5763 3548.0 188
273.2794 3570.0 188
274.7021 3793.0 188
275.4053 3832.0 188
276.1084 3876.0 188
276.8115 3920.0 188
277.5146 3964.0 188
278.2178 4010.0 188
278.9374 4059.0 188
279.6405 4110.0 188
280.3436 4160.0 188
281.0468 4216.0 188
281.7499 4273.0 188
282.4640 4328.0 188
283.1671 4389.0 188
283.8702 4454.0 188
284.5734 4519.0 188
285.2765 4583.0 188
285.9961 4667.0 188
286.6992 4753.0 188
287.4023 4829.0 188
288.1055 4913.0 188
288.8086 5001.0 188
289.5282 5093.0 188
290.2313 5137.0 188
290.9344 5109.0 188
291.6376 5061.0 188
292.3407 5021.0 188
293.0603 4980.0 188
293.7634 4942.0 188
294.4666 4904.0 188
295.1697 4868.0 188
295.8728 4836.0 188
296.5924 4804.0 188
297.2955 4772.0 188
297.9987 4740.0 188
298.7018 4710.0 188
299.4049 4683.0 188
300.1245 4655.0 188
300.8276 4628.0 188
301.5308 4601.0 188
302.2339 4578.0 188
302.9480 4556.0 188
303.6511 4533.0 188
304.3542 4512.0 188
305.0574 4492.0 188
305.7605 4470.0 188
306.4636 4456.0 188
307.1667 4446.0 188
307.8864 4430.0 188
308.5895 4416.0 188
309.2926 4401.0 188
309.9957 4387.0 188
310.6989 4374.0 188
311.4020 4361.0 188
312.1051 4347.0 188
312.8247 4335.0 188
313.5278 4325.0 188
314.2310 4316.0 188
314.9341 4306.0 188
315.6372 4298.0 188
316.3403 4290.0 188
317.0435 4282.0 188
317.7631 4277.0 188
318.4662 4272.0 188
319.1693 4260.0 188
319.8724 4248.0 188
320.5756 4244.0 188
321.2787 4240.0 188
321.9983 4240.0 188
322.7014 4238.0 188
323.4045 4233.0 188
324.1077 4233.0 188
324.8108 4234.0 188
325.5139 4233.0 188
326.2170 4233.0 188
326.9366 4236.0 188
327.6398 4238.0 188
328.3429 4239.0 188
329.0460 4245.0 188
329.7491 4249.0 188
330.4523 4252.0 188
331.1719 4260.0 188
331.8750 4267.0 188
332.5781 4273.0 188
333.2812 4281.0 188
333.9844 4289.0 188
334.6875 4298.0 188
335.3906 4308.0 188
336.1047 4317.0 188
336.8079 4328.0 188
337.5110 4340.0 188
338.2141 4352.0 188
338.9172 4367.0 188
339.6204 4382.0 188
340.3235 4397.0 188
341.0431 4414.0 188
341.7462 4431.0 188
342.4493 4448.0 188
343.1525 4467.0 188
343.8556 4487.0 188
344.5587 4508.0 188
345.2618 4528.0 188
345.9814 4549.0 188
346.6846 4571.0 188
347.3877 4594.0 188
348.0908 4618.0 188
348.7939 4644.0 188
349.4971 4669.0 188
350.2167 4696.0 188
350.9198 4726.0 188
351.6229 4758.0 188
352.3260 4789.0 188
353.0292 4819.0 188
353.7323 4849.0 188
354.4354 4884.0 188
355.1550 4921.0 188
355.8582 4956.0 188
356.5613 4995.0 188
357.2644 5035.0 188
357.9675 5076.0 188
358.6707 5119.0 188
