#RPLIDAR SCAN DATA
#COUNT=415
#Angule	Distance	Quality
359.7803 723.0 188
0.4834 723.0 188
1.2030 724.0 188
1.9061 723.0 188
2.6093 723.0 188
3.3234 724.0 188
4.0265 724.0 188
4.7296 724.0 188
5.4492 725.0 188
6.1523 726.0 188
6.8719 726.0 188
7.5751 727.0 188
8.2947 728.0 188
8.9978 730.0 188
9.7174 731.0 188
10.4370 731.0 188
11.1401 732.0 188
11.8542 734.0 188
12.5739 736.0 188
13.2770 738.0 188
13.9966 741.0 188
14.6997 744.0 188
15.4193 746.0 188
16.1389 747.0 188
16.8420 749.0 188
17.5616 753.0 188
18.2812 756.0 188
18.9844 758.0 188
19.6985 762.0 188
20.4016 767.0 188
21.1212 770.0 188
21.8408 773.0 188
22.5439 777.0 188
23.2635 781.0 188
23.9832 786.0 188
24.6863 790.0 188
25.4059 794.0 188
26.1090 800.0 188
26.8231 805.0 188
27.5427 808.0 188
28.2458 813.0 188
28.9655 818.0 188
29.6851 823.0 188
30.3882 828.0 188
31.1078 832.0 188
31.8109 838.0 188
32.5305 845.0 188
33.2446 851.0 188
33.9478 857.0 188
34.6674 863.0 188
35.3870 870.0 188
36.0901 878.0 188
36.8097 886.0 188
37.5293 893.0 188
38.2489 902.0 188
38.9685 912.0 188
39.6826 921.0 188
40.4022 931.0 188
41.1218 940.0 188
41.8414 950.0 188
42.5610 960.0 188
43.2806 972.0 188
43.9948 984.0 188
44.7144 995.0 188
45.4340 1008.0 188
46.1536 1020.0 188
46.8732 1033.0 188
47.5928 1047.0 188
48.3124 1060.0 188
49.0265 1076.0 188
49.7461 1091.0 188
50.4657 1105.0 188
51.1853 1121.0 188
51.9049 1138.0 188
52.6245 1156.0 188
53.3386 1174.0 188
54.0582 1192.0 188
54.7778 1213.0 188
55.4974 1233.0 188
56.2170 1254.0 188
56.9366 1273.0 188
57.6562 1280.0 188
58.3704 1271.0 188
59.0900 1255.0 188
59.8096 1245.0 188
60.5292 1235.0 188
61.2488 1226.0 188
61.9684 1216.0 188
62.6825 1208.0 188
63.4021 1200.0 188
64.1217 1192.0 188
64.8248 1183.0 188
65.5280 1177.0 188
66.2476 1169.0 188
66.9507 1161.0 188
67.6703 1153.0 188
68.3734 1147.0 188
69.0765 1142.0 188
69.7961 1135.0 188
70.4993 1129.0 188
71.2134 1124.0 188
71.9165 1119.0 188
72.6361 1114.0 188
73.3392 1110.0 188
74.0424 1104.0 188
74.7620 1099.0 188
75.4651 1096.0 188
76.1847 1091.0 188
76.8878 1086.0 188
77.6074 1084.0 188
78.3105 1080.0 188
79.0137 1076.0 188
79.7333 1074.0 188
80.4364 1070.0 188
81.1560 1066.0 188
81.8591 1063.0 188
82.5732 1063.0 188
83.2764 1061.0 188
83.9795 1057.0 188
84.6991 1055.0 188
85.4022 1054.0 188
86.1218 1053.0 188
86.8250 1052.0 188
87.5446 1049.0 188
88.2477 1046.0 188
88.9508 1047.0 188
89.6704 1046.0 188
90.3735 1044.0 188
91.0931 1044.0 188
91.7963 1045.0 188
92.5104 1044.0 188
93.2135 1045.0 188
93.9166 1044.0 188
94.6362 1044.0 188
95.3394 1046.0 188
96.0425 1047.0 188
96.7621 1048.0 188
97.4652 1048.0 188
98.1848 1049.0 188
98.8879 1051.0 188
99.5911 1052.0 188
100.3107 1054.0 188
101.0138 1056.0 188
101.7334 1059.0 188
102.4365 1062.0 188
103.1396 1062.0 188
103.8593 1065.0 188
104.5624 1069.0 188
105.2765 1070.0 188
105.9796 1073.0 188
106.6827 1079.0 188
107.4023 1084.0 188
108.1055 1088.0 188
108.8251 1092.0 188
109.5282 1097.0 188
110.2313 1102.0 188
110.9509 1107.0 188
111.6541 1113.0 188
112.3737 1117.0 188
113.0768 1122.0 188
113.7799 1128.0 188
114.4995 1134.0 188
115.2026 1141.0 188
115.9167 1147.0 188
116.6199 1155.0 188
117.3230 1162.0 188
118.0426 1168.0 188
118.7457 1176.0 188
119.4653 1184.0 188
120.1685 1191.0 188
120.8881 1199.0 188
121.5912 1210.0 188
122.3108 1219.0 188
123.0304 1228.0 188
123.7335 1238.0 188
124.4531 1247.0 188
125.1672 1259.0 188
125.8868 1270.0 188
126.5900 1281.0 188
127.3096 1294.0 188
128.0292 1306.0 188
128.7323 1316.0 188
129.4519 1329.0 188
130.1715 1342.0 188
130.8856 1356.0 188
131.5887 1370.0 188
132.3083 1385.0 188
133.0280 1399.0 188
133.7476 1415.0 188
134.4507 1432.0 188
135.1703 1449.0 188
135.8899 1466.0 188
136.5930 1484.0 188
137.3071 1505.0 188
138.0267 1524.0 188
138.7463 1543.0 188
139.4495 1563.0 188
140.1691 1584.0 188
140.8887 1606.0 188
141.6083 1629.0 188
142.3114 1653.0 188
143.0310 1679.0 188
143.7451 1708.0 188
144.4482 1737.0 188
145.1678 1767.0 188
145.8875 1799.0 188
146.6071 1830.0 188
147.3102 1862.0 188
148.0298 1895.0 188
148.7494 1932.0 188
149.4635 1969.0 188
150.1666 2013.0 188
150.8698 2056.0 188
151.5894 2095.0 188
152.2925 2144.0 188
152.9956 2194.0 188
153.7152 2241.0 188
154.4183 2296.0 188
155.1379 2351.0 188
155.8411 2409.0 188
156.5442 2474.0 188
157.2638 2538.0 188
157.9669 2609.0 188
158.6865 2688.0 188
162.2296 3146.0 188
172.1558 6165.0 188
172.8699 6160.0 188
173.5730 6146.0 188
175.6989 6118.0 188
176.4185 6108.0 188
177.1216 6100.0 188
177.8412 6091.0 188
178.5443 6084.0 188
179.2639 6083.0 188
179.9835 6081.0 188
181.4172 5216.0 188
182.1368 5214.0 188
182.8564 5211.0 188
183.5760 5210.0 188
184.2957 5211.0 188
186.4490 5216.0 188
187.1686 5218.0 188
187.8717 5225.0 188
188.5913 5239.0 188
190.7446 5116.0 188
193.6230 6204.0 188
194.3427 6221.0 188
195.0623 6233.0 188
195.7764 6250.0 188
196.4960 6274.0 188
197.9187 4877.0 188
200.0775 4973.0 188
200.7916 4982.0 188
202.2308 6471.0 188
202.9504 6500.0 188
203.6700 6532.0 188
204.3896 6565.0 188
205.1093 6552.0 188
205.8234 6539.0 188
206.5430 6546.0 188
207.2461 6630.0 188
207.9492 6743.0 188
208.6688 6785.0 188
210.0751 5311.0 188
210.7947 5249.0 188
211.4978 5259.0 188
212.2174 5301.0 188
212.9205 5389.0 188
213.6237 5446.0 188
215.7605 5675.0 188
217.8864 7489.0 188
221.4349 857.0 188
222.8577 5657.0 188
227.1094 8621.0 188
227.8125 8728.0 188
228.5266 8823.0 188
229.9493 1294.0 188
230.6525 1284.0 188
231.3556 1280.0 188
232.0752 1287.0 188
232.7783 1304.0 188
234.2010 1258.0 188
234.9207 1246.0 188
235.6238 1239.0 188
236.3269 1234.0 188
237.0465 1228.0 188
237.7496 1224.0 188
238.4637 1218.0 188
239.1669 1209.0 188
239.8865 1203.0 188
240.5896 1199.0 188
241.3092 1194.0 188
242.0123 1186.0 188
243.4351 928.0 188
244.1547 919.0 188
244.8578 913.0 188
245.5774 908.0 188
246.2805 904.0 188
246.9946 902.0 188
247.6978 901.0 188
248.4174 901.0 188
249.1205 902.0 188
249.8236 905.0 188
250.5432 908.0 188
251.2463 906.0 188
251.9659 902.0 188
252.6691 905.0 188
253.3887 910.0 188
254.0918 912.0 188
254.8114 916.0 188
255.5145 921.0 188
256.2341 922.0 188
256.9373 923.0 188
257.6514 926.0 188
258.3545 930.0 188
259.0741 936.0 188
259.7772 946.0 188
261.9196 1078.0 188
262.6227 1084.0 188
263.3423 1103.0 188
266.1823 3656.0 188
266.8854 3620.0 188
271.1536 1772.0 188
273.2959 1753.0 188
273.9990 1755.0 188
276.1359 1776.0 188
276.8390 1800.0 188
293.2141 2046.0 188
295.3400 1861.0 188
296.0596 1804.0 188
298.2019 899.0 188
298.9050 903.0 188
300.3278 1531.0 188
301.0419 1507.0 188
301.7615 1477.0 188
302.4646 1445.0 188
303.1842 1415.0 188
303.8873 1386.0 188
304.6069 1359.0 188
305.3101 1334.0 188
306.0297 1311.0 188
306.7493 1286.0 188
307.4524 1261.0 188
308.1665 1239.0 188
308.8696 1217.0 188
309.5892 1197.0 188
310.2924 1176.0 188
311.0120 1156.0 188
311.7316 1138.0 188
312.4347 1122.0 188
313.1543 1106.0 188
313.8574 1090.0 188
314.5770 1076.0 188
315.2802 1063.0 188
315.9998 1050.0 188
316.7139 1035.0 188
317.4170 1021.0 188
318.1366 1009.0 188
318.8397 995.0 188
319.5593 983.0 188
320.2789 973.0 188
320.9821 962.0 188
321.7017 951.0 188
322.4048 943.0 188
323.1244 932.0 188
323.8275 922.0 188
324.5416 913.0 188
325.2612 904.0 188
325.9644 894.0 188
326.6840 886.0 188
327.3871 879.0 188
328.1067 870.0 188
328.8263 862.0 188
329.5294 857.0 188
330.2490 852.0 188
330.9521 844.0 188
331.6718 838.0 188
332.3859 832.0 188
333.0890 826.0 188
333.8086 821.0 188
334.5117 816.0 188
335.2313 811.0 188
335.9509 807.0 188
336.6541 801.0 188
337.3737 796.0 188
338.0768 792.0 188
338.7964 788.0 188
339.5105 783.0 188
340.2136 779.0 188
340.9332 776.0 188
341.6364 771.0 188
342.3560 767.0 188
343.0756 764.0 188
343.7787 759.0 188
344.4983 757.0 188
345.2014 754.0 188
345.9210 751.0 188
346.6406 748.0 188
347.3438 745.0 188
348.0579 744.0 188
348.7775 742.0 188
349.4806 739.0 188
350.2002 736.0 188
350.9198 735.0 188
351.6394 733.0 188
352.3590 730.0 188
353.0731 728.0 188
353.7762 728.0 188
354.4958 727.0 188
355.2155 727.0 188
355.9351 726.0 188
356.6547 725.0 188
357.3743 725.0 188
358.0884 724.0 188
358.7915 724.0 188
