#RPLIDAR SCAN DATA
#COUNT=404
#Angule	Distance	Quality
359.7968 6205.0 188
0.5109 6249.0 188
1.2140 6295.0 188
1.9336 6342.0 188
2.6367 6392.0 188
3.3398 6446.0 188
4.0594 6501.0 188
4.7626 6544.0 188
6.1853 5300.0 188
8.3112 6860.0 188
9.0143 6941.0 188
9.7339 7024.0 188
10.4370 7094.0 188
11.1401 7170.0 188
11.8542 7249.0 188
12.5574 7329.0 188
13.2770 7404.0 188
15.3699 6036.0 188
16.0730 6012.0 188
16.7761 5997.0 188
18.1824 7416.0 188
18.8855 7334.0 188
19.5886 7258.0 188
20.2808 7186.0 188
20.9839 7112.0 188
21.6870 7041.0 188
22.3901 6972.0 188
23.0933 6906.0 188
23.7964 6845.0 188
24.4995 6787.0 188
25.2026 6728.0 188
25.9058 6670.0 188
26.6089 6613.0 188
27.2955 6561.0 188
27.9987 6513.0 188
28.7018 6464.0 188
30.1080 63.0 188
30.8112 62.0 188
32.2174 66.0 188
32.9205 67.0 188
34.3103 71.0 188
35.0134 70.0 188
35.7166 70.0 188
36.4197 71.0 188
37.1228 72.0 188
37.8259 73.0 188
38.5291 72.0 188
39.9353 72.0 188
40.6384 71.0 188
41.3416 71.0 188
42.0447 72.0 188
42.7643 72.0 188
43.4674 72.0 188
44.1870 72.0 188
44.9011 72.0 188
45.6042 72.0 188
46.3239 72.0 188
47.0435 72.0 188
47.7466 72.0 188
48.4662 72.0 188
49.1858 71.0 188
49.8889 71.0 188
50.6085 72.0 188
51.3281 71.0 188
52.0312 71.0 188
52.7454 72.0 188
53.4650 72.0 188
54.1681 72.0 188
54.8877 72.0 188
55.5908 73.0 188
57.0300 71.0 188
57.7332 71.0 188
58.4528 71.0 188
59.1669 71.0 188
59.8700 71.0 188
60.5896 71.0 188
61.3092 71.0 188
62.0123 71.0 188
62.7319 71.0 188
63.4515 72.0 188
64.1547 72.0 188
64.8743 72.0 188
65.5884 72.0 188
66.2915 72.0 188
67.0111 72.0 188
67.7307 72.0 188
68.4338 72.0 188
69.1534 72.0 188
69.8730 72.0 188
70.5762 71.0 188
71.2793 71.0 188
71.9824 72.0 188
72.6855 72.0 188
73.3887 72.0 188
74.0918 74.0 188
74.7949 74.0 188
75.4980 73.0 188
76.2012 72.0 188
76.9043 72.0 188
77.6074 73.0 188
78.3105 73.0 188
79.0137 72.0 188
79.7333 73.0 188
80.4364 74.0 188
81.8427 71.0 188
83.9520 63.0 188
84.6552 63.0 188
85.3583 63.0 188
86.0614 63.0 188
87.4677 68.0 188
93.8123 159.0 188
98.0420 146.0 188
98.7451 148.0 188
99.4482 147.0 188
100.1514 146.0 188
100.8545 145.0 188
102.9639 141.0 188
106.4795 131.0 188
107.1826 131.0 188
108.5889 128.0 188
109.2920 128.0 188
112.1045 125.0 188
114.2139 120.0 188
114.9170 119.0 188
115.6201 119.0 188
118.4326 114.0 188
119.1357 114.0 188
119.8389 113.0 188
120.5420 113.0 188
121.2451 112.0 188
121.9482 113.0 188
124.7607 684.0 188
125.4639 686.0 188
126.1670 693.0 188
126.8701 700.0 188
127.5897 706.0 188
128.2928 706.0 188
129.0125 701.0 188
129.7156 694.0 188
130.4352 692.0 188
131.1383 691.0 188
131.8579 683.0 188
132.5610 677.0 188
133.2806 679.0 188
133.9838 683.0 188
134.6979 685.0 188
135.4010 683.0 188
136.8237 590.0 188
137.5433 583.0 188
138.2465 582.0 188
138.9661 583.0 188
139.6692 583.0 188
140.3888 585.0 188
141.0919 588.0 188
141.8115 595.0 188
143.2343 684.0 188
143.9374 689.0 188
144.6515 695.0 188
145.3546 706.0 188
146.0742 717.0 188
146.7773 734.0 188
147.4969 753.0 188
148.9197 1392.0 188
149.6228 1394.0 188
150.3424 1395.0 188
151.0455 1394.0 188
151.7651 1395.0 188
152.4683 1396.0 188
153.1824 1398.0 188
153.8855 1397.0 188
154.6051 1398.0 188
155.3082 1400.0 188
156.0114 1403.0 188
156.7145 1404.0 188
157.4176 1406.0 188
158.1207 1410.0 188
158.8239 1412.0 188
159.5270 1414.0 188
160.2301 1413.0 188
161.6364 550.0 188
162.3560 538.0 188
163.0591 529.0 188
163.7622 521.0 188
164.4653 515.0 188
165.1685 508.0 188
165.8716 504.0 188
166.5747 502.0 188
167.2778 501.0 188
167.9810 502.0 188
168.6841 505.0 188
169.4037 510.0 188
170.1068 515.0 188
170.8099 523.0 188
171.5131 535.0 188
174.3256 723.0 188
175.0287 733.0 188
175.7318 731.0 188
176.4514 732.0 188
177.1545 748.0 188
177.8577 746.0 188
178.5608 736.0 188
179.2639 735.0 188
179.9670 737.0 188
180.6702 746.0 188
181.3733 763.0 188
182.0764 780.0 188
182.7960 789.0 188
183.4991 792.0 188
184.2188 791.0 188
184.9219 781.0 188
185.6360 775.0 188
186.3556 783.0 188
187.0587 787.0 188
187.7783 792.0 188
188.4979 796.0 188
189.2010 793.0 188
190.6403 830.0 188
191.3434 822.0 188
192.0575 815.0 188
192.7771 806.0 188
193.4802 801.0 188
194.1998 801.0 188
194.9194 799.0 188
195.6226 795.0 188
196.3422 790.0 188
197.0453 790.0 188
197.7649 793.0 188
198.4790 796.0 188
199.1821 796.0 188
199.9017 799.0 188
200.6213 804.0 188
201.3245 809.0 188
202.0441 819.0 188
203.4668 2360.0 188
204.1864 2401.0 188
204.9060 2443.0 188
205.6091 2488.0 188
206.3232 2534.0 188
207.0428 2580.0 188
207.7460 2630.0 188
208.4656 2684.0 188
209.1852 2740.0 188
209.8883 2796.0 188
210.6079 2855.0 188
211.3275 2921.0 188
212.0306 2989.0 188
212.7338 3061.0 188
213.4369 3136.0 188
214.1400 3194.0 188
214.8431 3202.0 188
215.5463 3179.0 188
216.2494 3159.0 188
216.9525 3143.0 188
217.6556 3125.0 188
218.3588 3109.0 188
219.0619 3094.0 188
219.7650 3080.0 188
222.5775 103.0 188
223.2806 103.0 188
223.9838 102.0 188
224.6869 103.0 188
225.3900 104.0 188
226.1041 103.0 188
226.8073 103.0 188
227.5104 103.0 188
228.2135 103.0 188
228.9166 102.0 188
229.6198 102.0 188
230.3229 101.0 188
231.0260 102.0 188
231.7291 102.0 188
232.4323 102.0 188
233.1354 101.0 188
233.8385 101.0 188
234.5416 102.0 188
235.2448 101.0 188
235.9479 101.0 188
236.6510 102.0 188
237.3541 101.0 188
238.0573 100.0 188
238.7604 100.0 188
239.4800 100.0 188
240.1831 100.0 188
240.8862 101.0 188
241.5894 101.0 188
242.2925 101.0 188
243.0121 101.0 188
243.7152 101.0 188
244.4183 101.0 188
245.1215 102.0 188
245.8411 102.0 188
246.5442 101.0 188
247.2473 102.0 188
247.9504 103.0 188
248.6536 102.0 188
249.3732 102.0 188
250.0763 103.0 188
250.7794 102.0 188
251.4825 102.0 188
252.2021 102.0 188
252.9053 102.0 188
253.6084 102.0 188
254.3115 103.0 188
255.0146 102.0 188
255.7343 103.0 188
256.4374 104.0 188
257.1405 104.0 188
257.8436 105.0 188
258.5577 105.0 188
259.2609 105.0 188
259.9640 105.0 188
260.6671 102.0 188
263.4961 90.0 188
264.9188 3182.0 188
265.6219 3200.0 188
266.3251 3220.0 188
267.0282 3237.0 188
267.7478 3258.0 188
268.4509 3282.0 188
269.1541 3303.0 188
269.8572 3326.0 188
270.5768 3350.0 188
271.2799 3377.0 188
271.9830 3403.0 188
272.6862 3430.0 188
273.4058 3460.0 188
274.1089 3491.0 188
274.8120 3520.0 188
275.5151 3550.0 188
276.2292 3582.0 188
276.9324 3617.0 188
277.6355 3652.0 188
278.3386 3686.0 188
279.0582 3724.0 188
279.7614 3765.0 188
280.4645 3803.0 188
281.1676 3841.0 188
281.8872 3883.0 188
282.5903 3927.0 188
283.2935 3976.0 188
283.9966 4026.0 188
284.7162 4076.0 188
285.4193 4127.0 188
286.1224 4179.0 188
286.8256 4234.0 188
287.5452 4292.0 188
288.2483 4350.0 188
288.9514 4410.0 188
289.6545 4474.0 188
290.3741 4540.0 188
291.0773 4608.0 188
291.7804 4680.0 188
292.4835 4754.0 188
293.2031 4831.0 188
293.9062 4914.0 188
294.6094 5003.0 188
295.3125 5095.0 188
296.0266 5192.0 188
296.7297 5292.0 188
297.4329 5395.0 188
298.1360 5497.0 188
298.8391 5601.0 188
299.5422 5717.0 188
300.2618 5845.0 188
300.9650 5985.0 188
301.6681 6092.0 188
302.3712 6105.0 188
303.0743 6065.0 188
303.7775 6030.0 188
305.9033 2706.0 188
306.6064 2656.0 188
307.3096 2606.0 188
308.0127 2562.0 188
308.7323 2541.0 188
309.4354 2533.0 188
310.1385 2538.0 188
311.5448 2862.0 188
316.4996 5539.0 188
317.2028 5522.0 188
317.9059 5505.0 188
318.6090 5491.0 188
320.0153 2518.0 188
321.4325 3765.0 188
322.8387 3957.0 188
323.5419 3962.0 188
326.3708 5387.0 188
327.7771 3678.0 188
329.1998 5375.0 188
329.9030 5370.0 188
330.6061 5361.0 188
331.3092 5361.0 188
332.7319 3364.0 188
335.5444 3176.0 188
341.9055 5519.0 188
343.3118 4425.0 188
344.0149 4445.0 188
344.7290 4484.0 188
345.4321 4520.0 188
346.1353 4535.0 188
347.5415 3878.0 188
348.9642 3083.0 188
356.7645 4168.0 188
357.4677 4182.0 188
358.8904 6153.0 188
