#RPLIDAR SCAN DATA
#COUNT=436
#Angule	Distance	Quality
0.2966 6184.0 188
0.9668 6225.0 188
1.6370 6268.0 188
2.3071 6311.0 188
2.9828 6359.0 188
3.6530 6410.0 188
4.3231 6464.0 188
4.9988 6512.0 188
6.3391 5362.0 188
7.0312 5307.0 188
9.0417 6858.0 188
9.7174 6935.0 188
10.3876 7015.0 188
11.0577 7087.0 188
11.7499 7156.0 188
12.4200 7229.0 188
13.0902 7307.0 188
13.7604 7386.0 188
14.4360 7470.0 188
15.1062 7555.0 188
15.7764 7643.0 188
16.4685 7701.0 188
17.8088 6216.0 188
19.1547 7376.0 188
19.8248 7314.0 188
20.4950 7245.0 188
21.1871 7175.0 188
21.8573 7111.0 188
22.5275 7045.0 188
23.2031 6977.0 188
23.8733 6911.0 188
24.5435 6848.0 188
25.2301 6793.0 188
25.9058 6738.0 188
26.5759 6683.0 188
27.2461 6628.0 188
27.9218 6576.0 188
28.5919 6529.0 188
29.2621 6480.0 188
30.6244 63.0 188
31.2946 62.0 188
33.9972 68.0 188
34.6674 68.0 188
36.0297 70.0 188
36.6998 69.0 188
38.0621 72.0 188
38.7488 72.0 188
39.4189 72.0 188
40.1056 72.0 188
40.7812 71.0 188
41.4679 71.0 188
42.1381 71.0 188
42.8247 71.0 188
43.4949 72.0 188
44.1870 71.0 188
44.8572 71.0 188
45.5438 71.0 188
46.9061 73.0 188
47.5763 73.0 188
48.2465 73.0 188
48.9331 72.0 188
49.6088 71.0 188
50.2954 72.0 188
50.9656 71.0 188
51.6522 71.0 188
52.3279 72.0 188
53.0145 72.0 188
53.6847 72.0 188
54.3713 72.0 188
55.0415 73.0 188
55.7336 72.0 188
56.4038 72.0 188
57.0905 71.0 188
57.7606 71.0 188
58.4528 71.0 188
59.1229 71.0 188
59.8096 71.0 188
60.4797 72.0 188
61.1719 72.0 188
61.8256 72.0 188
62.4957 72.0 188
63.1714 72.0 188
63.8416 71.0 188
64.5117 71.0 188
65.1709 71.0 188
65.8411 72.0 188
66.5112 72.0 188
67.1869 73.0 188
67.8571 73.0 188
68.5272 73.0 188
69.1864 73.0 188
69.8566 73.0 188
70.5267 73.0 188
71.2024 71.0 188
71.8726 72.0 188
72.5427 72.0 188
73.2019 73.0 188
73.8721 74.0 188
74.5422 74.0 188
75.2179 73.0 188
75.8881 73.0 188
76.5417 73.0 188
77.2174 73.0 188
77.8876 72.0 188
78.5577 72.0 188
79.2334 73.0 188
79.9036 72.0 188
80.5573 72.0 188
81.2329 71.0 188
81.9031 71.0 188
82.5732 70.0 188
83.2489 70.0 188
84.5728 64.0 188
85.2484 64.0 188
85.9186 62.0 188
86.5887 61.0 188
87.2644 62.0 188
98.0145 133.0 188
98.6847 133.0 188
99.3549 132.0 188
101.3708 128.0 188
104.0735 126.0 188
104.7491 124.0 188
105.4193 122.0 188
107.4353 121.0 188
108.1055 121.0 188
112.1375 113.0 188
116.8396 105.0 188
117.4988 105.0 188
118.1689 104.0 188
118.8391 103.0 188
123.5138 726.0 188
124.1840 720.0 188
124.8431 723.0 188
125.5133 723.0 188
126.1835 724.0 188
126.8591 729.0 188
127.5128 734.0 188
128.1830 733.0 188
128.8586 722.0 188
129.5123 708.0 188
130.1825 704.0 188
130.8582 707.0 188
131.5283 707.0 188
132.1875 702.0 188
132.8577 696.0 188
133.5278 690.0 188
134.1980 689.0 188
134.8572 690.0 188
135.5273 691.0 188
136.2030 691.0 188
136.8567 688.0 188
137.5269 686.0 188
138.2025 683.0 188
138.8727 677.0 188
139.5264 669.0 188
140.2020 666.0 188
140.8722 666.0 188
141.5424 667.0 188
142.2015 668.0 188
142.8717 672.0 188
143.5419 675.0 188
144.2175 680.0 188
144.8877 688.0 188
145.5579 698.0 188
146.2335 716.0 188
147.5739 1392.0 188
148.2330 1394.0 188
148.9032 1394.0 188
149.5734 1394.0 188
150.2490 1395.0 188
150.9192 1395.0 188
151.5894 1395.0 188
152.2650 1395.0 188
152.9352 1397.0 188
153.6053 1397.0 188
154.2810 1398.0 188
154.9347 1400.0 188
156.2805 1160.0 188
156.9507 1148.0 188
157.6208 1144.0 188
158.2965 1147.0 188
158.9667 1155.0 188
159.6368 1170.0 188
160.3125 1198.0 188
161.6364 1412.0 188
162.3120 1422.0 188
162.9822 1425.0 188
163.6523 1430.0 188
166.3385 1066.0 188
167.0142 1052.0 188
167.6843 1044.0 188
168.3545 1037.0 188
169.0137 1031.0 188
169.6838 1028.0 188
170.3540 1027.0 188
171.0297 1027.0 188
171.6998 1027.0 188
172.3590 1028.0 188
173.0292 1033.0 188
173.6993 1040.0 188
174.3750 1047.0 188
175.0452 1057.0 188
175.7153 1065.0 188
176.3745 1072.0 188
177.0447 1085.0 188
177.7148 1102.0 188
178.3905 1111.0 188
179.0607 1118.0 188
179.7308 1128.0 188
180.3900 1138.0 188
181.0602 1150.0 188
181.7303 1163.0 188
182.4060 1182.0 188
183.7299 1240.0 188
184.4055 1249.0 188
185.0757 1259.0 188
186.4215 1717.0 188
187.0917 1732.0 188
187.7454 1749.0 188
188.4210 1766.0 188
189.0912 1782.0 188
189.7614 1797.0 188
190.4370 1815.0 188
191.1072 1834.0 188
191.7609 1853.0 188
192.4365 1871.0 188
193.1067 1891.0 188
193.7769 1913.0 188
194.4525 1935.0 188
195.1227 1955.0 188
195.7764 1978.0 188
196.4520 2004.0 188
197.1222 2031.0 188
197.7924 2056.0 188
198.4680 2081.0 188
199.1382 2108.0 188
199.8083 2135.0 188
200.4840 2163.0 188
201.1377 2192.0 188
201.8079 2225.0 188
202.4835 2258.0 188
203.1537 2293.0 188
203.8239 2328.0 188
204.4995 2365.0 188
205.1697 2404.0 188
205.8398 2443.0 188
206.4990 2487.0 188
207.1692 2530.0 188
207.8394 2572.0 188
208.5150 2619.0 188
209.1852 2670.0 188
209.8553 2722.0 188
210.5310 2775.0 188
211.2012 2830.0 188
211.8549 2888.0 188
212.5305 2951.0 188
213.2007 3016.0 188
213.8708 3084.0 188
214.5465 3157.0 188
215.2167 3203.0 188
215.8868 3201.0 188
216.5625 3177.0 188
217.2162 3158.0 188
217.8864 3143.0 188
218.5620 3129.0 188
219.2322 3113.0 188
219.9023 3099.0 188
220.5780 3086.0 188
221.2482 3073.0 188
223.8904 104.0 188
224.5441 101.0 188
225.2142 101.0 188
225.8734 101.0 188
226.5271 101.0 188
227.1863 102.0 188
227.8564 102.0 188
228.5156 101.0 188
229.1693 101.0 188
229.8230 102.0 188
230.4822 102.0 188
231.1523 102.0 188
231.8115 102.0 188
232.4652 101.0 188
233.1244 102.0 188
233.7946 101.0 188
234.4482 101.0 188
235.1074 101.0 188
235.7611 100.0 188
236.4203 100.0 188
237.0905 101.0 188
237.7496 102.0 188
238.4033 101.0 188
239.0625 100.0 188
239.7327 101.0 188
240.3864 101.0 188
241.0455 101.0 188
241.6992 101.0 188
242.3584 101.0 188
243.0286 101.0 188
243.6823 102.0 188
244.3414 101.0 188
244.9951 101.0 188
245.6708 102.0 188
246.3245 102.0 188
246.9836 102.0 188
247.6373 102.0 188
248.3075 103.0 188
248.9667 103.0 188
249.6368 102.0 188
250.2960 103.0 188
250.9662 104.0 188
251.6199 103.0 188
252.2955 103.0 188
252.9657 103.0 188
253.6249 102.0 188
254.2950 102.0 188
254.9487 102.0 188
255.6244 103.0 188
256.2946 104.0 188
256.9482 104.0 188
257.6239 104.0 188
258.2776 104.0 188
258.9478 104.0 188
259.6234 104.0 188
260.2771 104.0 188
260.9528 103.0 188
261.6064 100.0 188
262.9523 92.0 188
263.6060 92.0 188
264.2761 95.0 188
265.6055 3177.0 188
266.2811 3194.0 188
266.9348 3212.0 188
267.6050 3232.0 188
268.2642 3250.0 188
268.9343 3269.0 188
269.6045 3290.0 188
270.2637 3310.0 188
270.9338 3333.0 188
271.5930 3356.0 188
272.2632 3381.0 188
272.9333 3406.0 188
273.5925 3431.0 188
274.2627 3459.0 188
274.9329 3486.0 188
275.5920 3513.0 188
276.2457 3543.0 188
276.9214 3573.0 188
277.5751 3605.0 188
278.2452 3637.0 188
278.9044 3666.0 188
279.5746 3702.0 188
280.2338 3740.0 188
280.9039 3777.0 188
281.5576 3813.0 188
282.2168 3851.0 188
282.8870 3891.0 188
283.5461 3932.0 188
284.2163 3976.0 188
284.8700 4021.0 188
285.5457 4069.0 188
286.1993 4119.0 188
286.8750 4168.0 188
287.5287 4220.0 188
288.1824 4273.0 188
288.8580 4327.0 188
289.5117 4382.0 188
290.1874 4442.0 188
290.8411 4505.0 188
291.5112 4564.0 188
292.1704 4628.0 188
292.8406 4701.0 188
293.4998 4770.0 188
294.1699 4842.0 188
294.8236 4922.0 188
295.4828 5006.0 188
296.1530 5094.0 188
296.8121 5184.0 188
297.4823 5274.0 188
298.1360 5364.0 188
299.4653 2738.0 188
300.1355 2717.0 188
300.7947 2712.0 188
301.4648 2724.0 188
303.4479 3038.0 188
304.7772 6018.0 188
306.0901 4696.0 188
308.0896 4611.0 188
308.7488 4591.0 188
309.4189 4564.0 188
310.0781 4539.0 188
310.7318 4516.0 188
311.4020 4495.0 188
312.0612 4476.0 188
312.7313 4455.0 188
313.3905 4441.0 188
318.0267 4352.0 188
318.7024 4362.0 188
319.3561 4375.0 188
320.0153 4375.0 188
321.3391 3743.0 188
322.0148 3753.0 188
323.3386 3950.0 188
323.9978 3957.0 188
324.6515 3955.0 188
327.3102 3642.0 188
327.9803 3636.0 188
328.6395 3643.0 188
329.2932 3683.0 188
330.6226 5373.0 188
331.2762 5353.0 188
331.9519 5337.0 188
343.2019 5524.0 188
343.8556 5540.0 188
344.5148 5556.0 188
345.1849 5573.0 188
345.8386 5588.0 188
346.4978 5606.0 188
347.1680 5627.0 188
347.8271 5647.0 188
348.4808 5666.0 188
349.1510 5692.0 188
349.8102 5716.0 188
350.4639 5726.0 188
351.1395 5741.0 188
351.7932 5765.0 188
352.4524 5790.0 188
353.1226 5817.0 188
353.7762 5841.0 188
355.1056 4125.0 188
355.7812 4135.0 188
356.4514 4146.0 188
357.1216 4158.0 188
357.7808 4169.0 188
358.4509 4182.0 188
