#RPLIDAR SCAN DATA
#COUNT=484
#Angule	Distance	Quality
359.3738 105.0 188
0.0934 104.0 188
0.7965 105.0 188
1.5106 105.0 188
2.2137 104.0 188
2.9169 105.0 188
3.6365 105.0 188
4.3396 104.0 188
5.0427 105.0 188
5.7623 105.0 188
6.4655 105.0 188
7.1686 106.0 188
7.8882 105.0 188
8.5913 105.0 188
9.2944 106.0 188
10.0140 107.0 188
10.7172 106.0 188
11.4203 106.0 188
12.1399 107.0 188
12.8430 107.0 188
13.5571 107.0 188
14.2493 107.0 188
14.9524 108.0 188
15.6555 108.0 188
16.3586 109.0 188
17.0618 110.0 188
17.7649 110.0 188
18.4680 110.0 188
19.1711 109.0 188
19.8743 110.0 188
20.5774 111.0 188
21.2805 111.0 188
21.9836 111.0 188
22.6868 110.0 188
23.3734 110.0 188
24.0765 112.0 188
24.7797 112.0 188
25.4828 113.0 188
26.1859 114.0 188
26.8890 112.0 188
27.5922 113.0 188
28.2953 115.0 188
28.9984 116.0 188
29.7015 117.0 188
30.4047 117.0 188
31.1078 117.0 188
31.8109 119.0 188
32.4976 121.0 188
33.2007 121.0 188
33.9038 122.0 188
34.6069 124.0 188
35.3101 126.0 188
36.0132 128.0 188
36.7163 129.0 188
38.1226 135.0 188
39.5288 131.0 188
40.2319 130.0 188
42.3413 117.0 188
43.7640 111.0 188
44.4836 110.0 188
45.1978 109.0 188
46.6205 103.0 188
48.7628 97.0 188
49.4659 97.0 188
50.1855 95.0 188
52.3279 93.0 188
53.0420 94.0 188
53.7451 93.0 188
54.4647 92.0 188
55.1678 91.0 188
55.8875 90.0 188
56.6071 90.0 188
57.3102 90.0 188
58.0298 88.0 188
58.7494 88.0 188
59.4525 87.0 188
60.1666 87.0 188
60.8698 87.0 188
61.5894 86.0 188
62.3090 86.0 188
63.0121 86.0 188
63.7317 86.0 188
64.4513 85.0 188
65.1544 86.0 188
65.8740 87.0 188
66.5771 87.0 188
67.2968 87.0 188
68.0109 87.0 188
68.7140 87.0 188
69.4336 86.0 188
70.1532 86.0 188
70.8563 87.0 188
71.5594 88.0 188
72.2626 89.0 188
72.9657 89.0 188
73.6688 88.0 188
74.3719 88.0 188
75.0751 89.0 188
75.7782 89.0 188
76.4813 88.0 188
77.1844 88.0 188
77.8876 89.0 188
78.5907 89.0 188
79.2938 88.0 188
80.0134 88.0 188
80.7166 88.0 188
81.4197 89.0 188
82.1228 89.0 188
82.8259 88.0 188
83.5291 88.0 188
84.2322 88.0 188
84.9353 88.0 188
85.6384 87.0 188
86.3416 87.0 188
87.0447 89.0 188
87.7478 89.0 188
88.4509 88.0 188
89.1705 89.0 188
89.8737 89.0 188
90.5768 88.0 188
91.2799 88.0 188
91.9830 88.0 188
92.6862 89.0 188
93.3893 89.0 188
94.0924 89.0 188
94.7955 89.0 188
95.4987 89.0 188
96.2018 89.0 188
96.9049 87.0 188
97.6080 87.0 188
98.3276 87.0 188
99.0143 87.0 188
99.7174 87.0 188
100.4205 86.0 188
101.1237 86.0 188
101.8268 86.0 188
102.5299 85.0 188
103.2330 86.0 188
103.9362 88.0 188
104.6393 87.0 188
105.3424 85.0 188
106.0455 86.0 188
107.4518 83.0 188
108.1549 85.0 188
108.8580 86.0 188
109.5612 85.0 188
110.2643 83.0 188
110.9674 84.0 188
111.6705 86.0 188
112.3737 85.0 188
113.7799 87.0 188
114.4830 87.0 188
115.1862 87.0 188
115.8893 88.0 188
116.5924 89.0 188
117.2955 89.0 188
117.9987 90.0 188
118.7018 90.0 188
119.4049 90.0 188
120.8112 92.0 188
121.5143 92.0 188
122.2174 94.0 188
122.9205 95.0 188
123.6237 96.0 188
124.3268 98.0 188
125.0299 98.0 188
125.7330 99.0 188
126.4362 100.0 188
127.8424 103.0 188
128.5620 104.0 188
129.9792 110.0 188
130.6824 110.0 188
131.4020 111.0 188
132.8247 117.0 188
133.5278 118.0 188
134.2474 120.0 188
134.9506 121.0 188
135.6702 122.0 188
137.7960 134.0 188
138.5156 137.0 188
139.2188 139.0 188
140.6360 143.0 188
141.3391 140.0 188
142.0587 139.0 188
142.7618 139.0 188
144.1846 130.0 188
144.9042 128.0 188
145.6073 126.0 188
146.3269 125.0 188
147.0300 124.0 188
147.7496 122.0 188
148.4528 121.0 188
149.1669 120.0 188
149.8700 119.0 188
150.5896 119.0 188
151.2927 119.0 188
152.0123 117.0 188
153.4351 111.0 188
154.1382 108.0 188
154.8578 106.0 188
156.2640 111.0 188
156.9672 113.0 188
157.6703 115.0 188
158.3734 116.0 188
159.0765 115.0 188
159.7797 115.0 188
160.4828 115.0 188
161.1859 114.0 188
161.8890 112.0 188
162.6086 113.0 188
163.3118 113.0 188
164.0149 112.0 188
164.7180 112.0 188
165.4211 111.0 188
166.1243 111.0 188
166.8274 112.0 188
167.5305 113.0 188
168.2336 112.0 188
168.9368 112.0 188
169.6509 113.0 188
170.3540 111.0 188
171.0571 110.0 188
171.7603 111.0 188
172.4634 111.0 188
173.1665 110.0 188
173.8696 110.0 188
174.5728 110.0 188
175.2759 110.0 188
175.9790 110.0 188
176.6986 110.0 188
177.4017 110.0 188
178.1049 109.0 188
178.8080 108.0 188
179.5111 109.0 188
180.2142 108.0 188
180.9174 109.0 188
181.6205 110.0 188
182.3236 109.0 188
183.0432 108.0 188
183.7463 110.0 188
184.4659 109.0 188
185.1691 108.0 188
185.8887 109.0 188
186.6083 110.0 188
187.3114 110.0 188
188.0310 110.0 188
188.7451 110.0 188
189.4482 110.0 188
190.1678 110.0 188
190.8710 111.0 188
191.5906 112.0 188
192.3102 111.0 188
193.0133 112.0 188
193.7329 112.0 188
194.4525 113.0 188
195.1556 114.0 188
195.8698 113.0 188
196.5729 114.0 188
197.2925 114.0 188
198.0121 115.0 188
198.7152 115.0 188
199.4348 115.0 188
200.1544 115.0 188
200.8575 116.0 188
201.5771 117.0 188
202.2803 117.0 188
202.9999 116.0 188
203.7140 116.0 188
204.4171 118.0 188
205.1367 120.0 188
205.8563 121.0 188
206.5594 121.0 188
207.2791 121.0 188
207.9822 123.0 188
208.7018 125.0 188
209.4214 126.0 188
210.1245 125.0 188
210.8386 124.0 188
211.5582 125.0 188
212.2614 125.0 188
212.9645 124.0 188
213.6676 123.0 188
214.3707 121.0 188
215.0739 120.0 188
215.7770 117.0 188
216.4801 115.0 188
217.1832 111.0 188
217.8864 109.0 188
218.5895 106.0 188
219.2926 104.0 188
219.9957 101.0 188
220.6989 101.0 188
221.4020 100.0 188
222.1051 98.0 188
222.8082 96.0 188
223.5114 95.0 188
224.2145 95.0 188
224.9176 94.0 188
225.6207 92.0 188
226.3239 91.0 188
227.0270 91.0 188
227.7301 91.0 188
228.4332 90.0 188
229.1364 88.0 188
229.8395 88.0 188
230.5426 87.0 188
231.2457 86.0 188
231.9489 85.0 188
232.6520 84.0 188
233.3551 86.0 188
234.0582 87.0 188
234.7614 85.0 188
235.4645 83.0 188
236.1676 82.0 188
236.8707 83.0 188
237.5739 84.0 188
238.2770 84.0 188
238.9801 83.0 188
239.6997 82.0 188
240.4028 81.0 188
241.1060 81.0 188
241.8091 80.0 188
242.5122 80.0 188
243.2153 79.0 188
243.9185 79.0 188
244.6381 80.0 188
245.3412 79.0 188
246.0443 79.0 188
246.7474 79.0 188
247.4506 78.0 188
248.1537 78.0 188
248.8568 78.0 188
249.5764 78.0 188
250.2795 78.0 188
250.9827 77.0 188
251.6858 77.0 188
252.3889 77.0 188
253.0920 77.0 188
253.7952 77.0 188
254.5148 76.0 188
255.2179 77.0 188
255.9210 76.0 188
256.6241 76.0 188
257.3273 76.0 188
258.0304 76.0 188
258.7500 77.0 188
259.4531 77.0 188
260.1562 76.0 188
260.8594 76.0 188
261.5625 76.0 188
262.2656 76.0 188
262.9688 76.0 188
263.6829 76.0 188
264.3860 76.0 188
265.0891 76.0 188
265.7922 77.0 188
266.4954 77.0 188
267.1985 76.0 188
267.9181 76.0 188
268.6212 76.0 188
269.3243 76.0 188
270.0275 76.0 188
270.7306 77.0 188
271.4337 76.0 188
272.1533 76.0 188
272.8564 76.0 188
273.5596 76.0 188
274.2627 76.0 188
274.9658 76.0 188
275.6854 75.0 188
276.3885 75.0 188
277.0917 76.0 188
277.7948 76.0 188
278.4979 76.0 188
279.2175 76.0 188
279.9207 76.0 188
280.6238 76.0 188
281.3269 76.0 188
282.0300 76.0 188
282.7496 76.0 188
283.4528 76.0 188
284.1559 76.0 188
284.8590 76.0 188
285.5621 77.0 188
286.2762 78.0 188
286.9794 78.0 188
287.6825 79.0 188
288.3856 78.0 188
289.0887 77.0 188
289.8083 77.0 188
290.5115 78.0 188
291.2146 77.0 188
291.9177 77.0 188
293.3405 80.0 188
294.0436 79.0 188
294.7467 80.0 188
295.4498 81.0 188
296.1694 81.0 188
296.8726 81.0 188
297.5757 80.0 188
299.6851 82.0 188
300.4047 83.0 188
301.1078 84.0 188
301.8109 85.0 188
302.5140 85.0 188
303.2172 86.0 188
303.9368 87.0 188
304.6399 87.0 188
305.3430 87.0 188
306.0461 87.0 188
306.7493 88.0 188
307.4634 88.0 188
308.1665 89.0 188
308.8696 90.0 188
309.5728 92.0 188
310.2759 94.0 188
310.9955 95.0 188
311.6986 95.0 188
312.4017 96.0 188
313.1049 96.0 188
313.8080 98.0 188
314.5276 99.0 188
315.2307 101.0 188
315.9338 101.0 188
316.6370 102.0 188
317.3401 105.0 188
318.0597 107.0 188
318.7628 109.0 188
319.4659 110.0 188
320.1691 110.0 188
320.8722 112.0 188
321.5918 114.0 188
322.2949 116.0 188
322.9980 118.0 188
323.7012 119.0 188
324.4208 121.0 188
325.1239 120.0 188
325.8270 121.0 188
326.5302 123.0 188
327.2333 122.0 188
327.9364 121.0 188
328.6560 121.0 188
329.3591 120.0 188
330.0623 119.0 188
330.7654 118.0 188
331.4685 118.0 188
332.1826 117.0 188
332.8857 116.0 188
333.5889 116.0 188
334.2920 115.0 188
334.9951 114.0 188
335.7147 113.0 188
336.4178 112.0 188
337.1210 111.0 188
337.8241 110.0 188
338.5272 108.0 188
339.2468 107.0 188
339.9500 106.0 188
340.6531 107.0 188
341.3562 108.0 188
342.7789 107.0 188
343.4821 108.0 188
344.1852 106.0 188
344.8883 106.0 188
345.5914 107.0 188
346.3110 106.0 188
347.0142 106.0 188
347.7173 105.0 188
348.4204 105.0 188
349.1235 105.0 188
349.8431 105.0 188
350.5463 104.0 188
351.2494 103.0 188
351.9525 104.0 188
352.6666 105.0 188
353.3698 104.0 188
354.0894 103.0 188
354.7925 103.0 188
355.5121 104.0 188
356.2152 104.0 188
356.9348 105.0 188
357.6544 104.0 188
358.3575 104.0 188
359.0771 103.0 188
